4.840799999999999548e-01
4.820400000000000240e-01
4.810933333333333728e-01
4.803333333333332789e-01
4.763866666666666250e-01
4.790933333333333710e-01
4.779066666666667018e-01
4.686533333333333662e-01
4.721600000000000241e-01
4.655333333333333545e-01
4.624133333333333429e-01
4.547600000000000531e-01
4.557066666666667043e-01
4.516400000000000414e-01
4.467866666666666653e-01
4.422533333333333871e-01
4.376400000000000290e-01
4.328800000000000425e-01
4.296933333333333715e-01
4.232533333333333703e-01
4.109599999999999920e-01
4.045066666666666810e-01
3.993600000000000483e-01
3.889066666666666228e-01
3.782266666666667110e-01
3.756266666666666643e-01
3.635733333333333039e-01
3.530666666666666398e-01
3.394266666666666543e-01
3.251066666666666549e-01
3.120266666666666744e-01
3.043466666666666542e-01
2.874799999999999578e-01
2.730266666666666397e-01
2.551333333333333231e-01
2.418266666666666342e-01
2.230133333333332857e-01
2.081199999999999717e-01
1.903599999999999737e-01
1.746933333333333671e-01
1.593333333333333268e-01
1.417866666666666164e-01
1.263199999999999878e-01
1.093199999999999728e-01
9.292000000000000259e-02
8.023999999999997801e-02
6.637333333333328422e-02
5.561333333333329243e-02
4.401333333333334874e-02
3.609333333333331062e-02
