5.010000000000000009e-01
5.003600000000000270e-01
5.000133333333333097e-01
4.982266666666667065e-01
5.019199999999999218e-01
5.015199999999999658e-01
5.016399999999999748e-01
5.014666666666667272e-01
5.016533333333332845e-01
4.981600000000000472e-01
4.995600000000000041e-01
5.007733333333332926e-01
4.983466666666667155e-01
4.976533333333332809e-01
5.009333333333333416e-01
5.024933333333333474e-01
5.003999999999999559e-01
5.006800000000000139e-01
5.045066666666666588e-01
5.011200000000000099e-01
5.039066666666667249e-01
5.024666666666666170e-01
4.973199999999999843e-01
4.965199999999999614e-01
4.982400000000000162e-01
4.996666666666667034e-01
4.998533333333333717e-01
4.993199999999999861e-01
4.973866666666666436e-01
5.002933333333332566e-01
4.991200000000000081e-01
4.984133333333333749e-01
4.964933333333333421e-01
4.985466666666666935e-01
4.982533333333333259e-01
5.002400000000000180e-01
4.965066666666666517e-01
4.971333333333333160e-01
5.004133333333333766e-01
4.999333333333333407e-01
4.964933333333333421e-01
4.969333333333333380e-01
4.990933333333333888e-01
4.978933333333332989e-01
4.959733333333333771e-01
4.959066666666667178e-01
4.971066666666666967e-01
4.940666666666666540e-01
4.949333333333333362e-01
4.937200000000000477e-01
