2.387200000000000433e-01
2.300666666666666416e-01
2.219733333333333558e-01
2.128799999999999581e-01
2.028533333333333299e-01
1.921066666666666478e-01
1.821866666666667189e-01
1.738533333333333042e-01
1.602266666666666284e-01
1.503200000000000092e-01
1.403333333333333099e-01
1.300133333333333141e-01
1.235199999999999632e-01
1.114533333333332932e-01
1.007333333333333414e-01
9.138666666666661609e-02
8.334666666666668000e-02
7.194666666666671428e-02
6.398666666666663616e-02
5.779999999999996252e-02
5.073333333333329698e-02
4.369333333333336178e-02
3.745333333333333847e-02
3.133333333333332416e-02
2.582666666666666444e-02
2.148000000000005461e-02
1.886666666666669823e-02
1.382666666666665378e-02
1.095999999999996977e-02
8.693333333333330692e-03
6.106666666666704657e-03
4.706666666666636800e-03
3.506666666666657939e-03
2.253333333333329414e-03
1.639999999999974811e-03
1.293333333333368529e-03
6.399999999999739231e-04
4.399999999999959499e-04
2.400000000000179767e-04
2.133333333332876336e-04
7.999999999996898481e-05
7.999999999996898481e-05
1.333333333330966042e-05
0.000000000000000000e+00
2.666666666661932084e-05
0.000000000000000000e+00
0.000000000000000000e+00
0.000000000000000000e+00
0.000000000000000000e+00
0.000000000000000000e+00
