4.756666666666666821e-01
4.743600000000000039e-01
4.706399999999999473e-01
4.691199999999999815e-01
4.634133333333333438e-01
4.628666666666666485e-01
4.624800000000000022e-01
4.570266666666666922e-01
4.545733333333333848e-01
4.495733333333333803e-01
4.424933333333332941e-01
4.354400000000000492e-01
4.340000000000000524e-01
4.285333333333333217e-01
4.196800000000000530e-01
4.135066666666666890e-01
4.039466666666666761e-01
3.998133333333333539e-01
3.907199999999999562e-01
3.819333333333333469e-01
3.672800000000000509e-01
3.605199999999999516e-01
3.493733333333333135e-01
3.362399999999999833e-01
3.259999999999999565e-01
3.158533333333333193e-01
2.993599999999999595e-01
2.864400000000000279e-01
2.704133333333332834e-01
2.536666666666667069e-01
2.350799999999999557e-01
2.175866666666667060e-01
1.985333333333333394e-01
1.827733333333333432e-01
1.630933333333333124e-01
1.457866666666666200e-01
1.244800000000000351e-01
1.117733333333332801e-01
9.263999999999994461e-02
7.718666666666662568e-02
6.405333333333329549e-02
5.156000000000005024e-02
4.053333333333331012e-02
3.118666666666669585e-02
2.356000000000002537e-02
1.685333333333338679e-02
1.192000000000004167e-02
8.079999999999976090e-03
5.199999999999982414e-03
2.826666666666644012e-03
