4.698666666666666547e-01
4.673733333333333073e-01
4.612399999999999833e-01
4.589733333333333443e-01
4.565866666666666962e-01
4.504666666666666819e-01
4.488533333333333264e-01
4.426266666666666127e-01
4.407333333333333103e-01
4.334133333333333171e-01
4.267199999999999882e-01
4.225999999999999757e-01
4.186800000000000521e-01
4.080399999999999583e-01
3.997600000000000042e-01
3.952266666666666151e-01
3.844666666666666233e-01
3.763066666666666782e-01
3.627200000000000424e-01
3.555333333333333679e-01
3.423199999999999577e-01
3.276000000000000023e-01
3.157600000000000406e-01
3.066933333333333733e-01
2.932000000000000162e-01
2.760799999999999921e-01
2.645866666666666367e-01
2.449599999999999556e-01
2.328133333333333166e-01
2.148533333333333406e-01
1.990533333333333044e-01
1.793466666666666542e-01
1.659066666666666467e-01
1.485333333333332950e-01
1.323199999999999932e-01
1.156933333333333147e-01
1.027333333333333432e-01
8.618666666666663367e-02
7.223999999999997090e-02
6.070666666666668654e-02
5.096000000000000529e-02
4.127999999999998337e-02
3.293333333333336999e-02
2.458666666666664558e-02
1.962666666666668114e-02
1.441333333333327804e-02
1.070666666666664213e-02
7.759999999999989129e-03
5.466666666666619712e-03
3.373333333333339290e-03
