4.653733333333333055e-01
4.650666666666666282e-01
4.580133333333333834e-01
4.585466666666666580e-01
4.512399999999999745e-01
4.455466666666666464e-01
4.453466666666666685e-01
4.382000000000000339e-01
4.357199999999999962e-01
4.302399999999999558e-01
4.236933333333333662e-01
4.151733333333332832e-01
4.100133333333333407e-01
3.979733333333332901e-01
3.910933333333332929e-01
3.850266666666666282e-01
3.761600000000000499e-01
3.633066666666666666e-01
3.515066666666666340e-01
3.412133333333333685e-01
3.307200000000000140e-01
3.129999999999999449e-01
3.008533333333333060e-01
2.866933333333333556e-01
2.729066666666666308e-01
2.542533333333333312e-01
2.434533333333332994e-01
2.214000000000000412e-01
2.037866666666666715e-01
1.867066666666666874e-01
1.716266666666667051e-01
1.525333333333332986e-01
1.353199999999999958e-01
1.194133333333333713e-01
1.042266666666666897e-01
8.617333333333332401e-02
7.225333333333328056e-02
5.949333333333328699e-02
4.881333333333337521e-02
3.758666666666665712e-02
2.891999999999994575e-02
2.217333333333337819e-02
1.510666666666671265e-02
1.034666666666661516e-02
7.573333333333320816e-03
4.666666666666707819e-03
2.560000000000006715e-03
1.920000000000032792e-03
1.173333333333359541e-03
4.666666666666152707e-04
