2.386666666666666936e-01
2.327866666666666973e-01
2.218666666666666565e-01
2.097599999999999465e-01
2.042000000000000481e-01
1.922133333333333471e-01
1.800133333333333585e-01
1.720666666666667011e-01
1.605333333333333057e-01
1.512533333333333507e-01
1.403200000000000003e-01
1.326266666666666705e-01
1.200266666666666149e-01
1.114933333333333332e-01
1.003600000000000048e-01
9.221333333333336935e-02
8.304000000000000270e-02
7.457333333333338032e-02
6.496000000000001773e-02
5.759999999999998455e-02
5.037333333333338103e-02
4.283999999999998920e-02
3.689333333333333353e-02
3.183999999999997943e-02
2.722666666666662127e-02
2.073333333333338135e-02
1.763999999999998902e-02
1.446666666666662771e-02
1.080000000000003180e-02
8.066666666666666430e-03
6.773333333333297901e-03
5.146666666666632750e-03
3.733333333333366255e-03
2.386666666666648062e-03
1.866666666666683128e-03
8.666666666666822394e-04
6.266666666666642627e-04
3.466666666667173047e-04
3.066666666666773011e-04
1.600000000000489919e-04
9.333333333327864523e-05
4.000000000004000356e-05
0.000000000000000000e+00
1.333333333330966042e-05
0.000000000000000000e+00
1.333333333330966042e-05
0.000000000000000000e+00
0.000000000000000000e+00
0.000000000000000000e+00
0.000000000000000000e+00
