4.827599999999999669e-01
4.810133333333332928e-01
4.789999999999999813e-01
4.772933333333333472e-01
4.757333333333333414e-01
4.733199999999999630e-01
4.678400000000000336e-01
4.684000000000000385e-01
4.654666666666666952e-01
4.620400000000000063e-01
4.565333333333333465e-01
4.554933333333333056e-01
4.490666666666666140e-01
4.445866666666666855e-01
4.400666666666667171e-01
4.362000000000000322e-01
4.318533333333333113e-01
4.227199999999999847e-01
4.169866666666666166e-01
4.114400000000000279e-01
4.035866666666666491e-01
3.926133333333333697e-01
3.857199999999999518e-01
3.791999999999999815e-01
3.681600000000000428e-01
3.549066666666667036e-01
3.462533333333333019e-01
3.325733333333333874e-01
3.201866666666666195e-01
3.057066666666666821e-01
2.931733333333332858e-01
2.759733333333332927e-01
2.601333333333333275e-01
2.432666666666666311e-01
2.308933333333332838e-01
2.096799999999999775e-01
1.922933333333333161e-01
1.756933333333333680e-01
1.600533333333333808e-01
1.409466666666666645e-01
1.219466666666666477e-01
1.075733333333332986e-01
9.062666666666663318e-02
7.513333333333338526e-02
6.238666666666670135e-02
5.100000000000004530e-02
4.050666666666669080e-02
3.162666666666669180e-02
2.301333333333333009e-02
1.697333333333328476e-02
