4.865333333333333732e-01
4.846399999999999597e-01
4.824133333333333606e-01
4.838799999999999768e-01
4.811600000000000321e-01
4.782399999999999984e-01
4.757333333333333414e-01
4.766266666666666429e-01
4.721600000000000241e-01
4.675733333333332853e-01
4.685866666666667069e-01
4.632266666666666755e-01
4.588266666666667160e-01
4.593199999999999505e-01
4.532666666666667066e-01
4.517066666666667007e-01
4.482666666666667021e-01
4.387066666666666892e-01
4.384799999999999809e-01
4.283066666666666134e-01
4.250533333333332831e-01
4.227999999999999536e-01
4.120266666666666522e-01
4.035600000000000298e-01
3.978266666666666618e-01
3.857466666666666821e-01
3.795466666666666988e-01
3.723733333333333340e-01
3.594933333333333314e-01
3.457866666666666866e-01
3.397200000000000220e-01
3.277333333333333210e-01
3.117466666666666164e-01
2.982933333333332993e-01
2.845733333333333448e-01
2.730000000000000204e-01
2.574666666666666215e-01
2.427599999999999758e-01
2.273866666666666259e-01
2.088933333333333753e-01
1.916533333333333422e-01
1.752933333333333010e-01
1.587600000000000122e-01
1.431066666666667153e-01
1.292799999999999505e-01
1.115066666666666428e-01
9.960000000000002185e-02
8.478666666666667684e-02
7.286666666666663517e-02
5.952000000000001734e-02
