4.870666666666666478e-01
4.808533333333333548e-01
4.791600000000000303e-01
4.775066666666666348e-01
4.740533333333333266e-01
4.703333333333333810e-01
4.696533333333333671e-01
4.696133333333333271e-01
4.656666666666666732e-01
4.575599999999999667e-01
4.590666666666666229e-01
4.541733333333333178e-01
4.472533333333332806e-01
4.478799999999999448e-01
4.413599999999999746e-01
4.357600000000000362e-01
4.295866666666666722e-01
4.213466666666666471e-01
4.151466666666666638e-01
4.106666666666666243e-01
4.044666666666666410e-01
3.956133333333333724e-01
3.836533333333332907e-01
3.783066666666666800e-01
3.672266666666667012e-01
3.540799999999999503e-01
3.463733333333333109e-01
3.346000000000000085e-01
3.193599999999999772e-01
3.046266666666667122e-01
2.915466666666666207e-01
2.770000000000000240e-01
2.612400000000000277e-01
2.431466666666666221e-01
2.283866666666666267e-01
2.109600000000000364e-01
1.935333333333333350e-01
1.782933333333333037e-01
1.571466666666666567e-01
1.392933333333333801e-01
1.230133333333333079e-01
1.061333333333333018e-01
9.086666666666665115e-02
7.479999999999997762e-02
6.294666666666670629e-02
4.952000000000000846e-02
4.049333333333338114e-02
3.205333333333337809e-02
2.368000000000003435e-02
1.714666666666664341e-02
