2.399333333333333318e-01
2.295733333333332959e-01
2.208266666666666156e-01
2.111600000000000144e-01
2.009733333333333372e-01
1.920266666666666788e-01
1.804266666666666241e-01
1.734533333333333482e-01
1.613466666666666383e-01
1.521466666666666523e-01
1.410533333333333639e-01
1.329066666666666174e-01
1.203466666666667129e-01
1.085733333333332995e-01
1.016533333333333733e-01
9.109333333333335947e-02
8.353333333333334831e-02
7.516000000000000458e-02
6.473333333333330941e-02
5.671999999999999265e-02
4.988000000000003542e-02
4.294666666666668853e-02
3.771999999999997577e-02
3.139999999999998348e-02
2.653333333333329769e-02
2.254666666666671482e-02
1.753333333333328969e-02
1.421333333333330007e-02
1.105333333333335943e-02
8.319999999999994067e-03
6.373333333333341955e-03
4.346666666666720857e-03
3.693333333333326252e-03
2.199999999999979750e-03
1.639999999999974811e-03
8.933333333333015602e-04
8.933333333333015602e-04
4.666666666666152707e-04
2.400000000000179767e-04
1.333333333333186488e-04
5.333333333334966397e-05
5.333333333334966397e-05
2.666666666661932084e-05
2.666666666661932084e-05
0.000000000000000000e+00
0.000000000000000000e+00
1.333333333330966042e-05
0.000000000000000000e+00
0.000000000000000000e+00
0.000000000000000000e+00
