4.691866666666666408e-01
4.632933333333333348e-01
4.580666666666666220e-01
4.556666666666666643e-01
4.536533333333333529e-01
4.477999999999999758e-01
4.449066666666666725e-01
4.422933333333333161e-01
4.345066666666667077e-01
4.272799999999999931e-01
4.238399999999999945e-01
4.165866666666666607e-01
4.087600000000000122e-01
4.027066666666666572e-01
3.905733333333333279e-01
3.845733333333333226e-01
3.734933333333333438e-01
3.608666666666666689e-01
3.519999999999999796e-01
3.389066666666666894e-01
3.322000000000000508e-01
3.141599999999999948e-01
2.995600000000000485e-01
2.872400000000000508e-01
2.720933333333332982e-01
2.531600000000000517e-01
2.405733333333333057e-01
2.221733333333333338e-01
2.044000000000000261e-01
1.873066666666666213e-01
1.712266666666666382e-01
1.510000000000000231e-01
1.353066666666666862e-01
1.173333333333332895e-01
1.036133333333333351e-01
8.528000000000002245e-02
7.178666666666666529e-02
5.991999999999997328e-02
4.806666666666670196e-02
3.706666666666669219e-02
2.963999999999999968e-02
2.142666666666670494e-02
1.610666666666671354e-02
1.069333333333333247e-02
7.266666666666643515e-03
4.386666666666649839e-03
2.946666666666653001e-03
1.973333333333382456e-03
1.173333333333359541e-03
7.200000000000539302e-04
