2.600000000000000089e-01
2.199999999999999734e-01
1.800000000000000488e-01
1.933333333333333570e-01
1.933333333333333570e-01
1.866666666666666474e-01
1.533333333333333215e-01
1.999999999999999556e-01
1.933333333333333570e-01
1.800000000000000488e-01
1.533333333333333215e-01
1.199999999999999956e-01
9.999999999999997780e-02
9.999999999999997780e-02
6.666666666666665186e-02
9.333333333333337922e-02
7.333333333333336146e-02
9.999999999999997780e-02
4.666666666666663410e-02
6.666666666666665186e-02
6.000000000000005329e-02
3.333333333333332593e-02
4.000000000000003553e-02
6.666666666666709595e-03
2.666666666666661634e-02
4.000000000000003553e-02
6.666666666666709595e-03
3.333333333333332593e-02
6.666666666666709595e-03
6.666666666666709595e-03
6.666666666666709595e-03
0.000000000000000000e+00
6.666666666666709595e-03
0.000000000000000000e+00
0.000000000000000000e+00
0.000000000000000000e+00
0.000000000000000000e+00
0.000000000000000000e+00
0.000000000000000000e+00
0.000000000000000000e+00
0.000000000000000000e+00
0.000000000000000000e+00
0.000000000000000000e+00
0.000000000000000000e+00
0.000000000000000000e+00
0.000000000000000000e+00
0.000000000000000000e+00
0.000000000000000000e+00
0.000000000000000000e+00
0.000000000000000000e+00
