4.466666666666666563e-01
4.333333333333333481e-01
4.599999999999999645e-01
4.000000000000000222e-01
4.599999999999999645e-01
3.800000000000000044e-01
4.000000000000000222e-01
3.866666666666667140e-01
4.399999999999999467e-01
3.399999999999999689e-01
3.933333333333333126e-01
3.599999999999999867e-01
2.733333333333333171e-01
3.199999999999999512e-01
3.333333333333333703e-01
3.066666666666666430e-01
3.266666666666666607e-01
3.466666666666666785e-01
2.666666666666667185e-01
2.066666666666666652e-01
2.733333333333333171e-01
2.066666666666666652e-01
2.466666666666667007e-01
1.666666666666666297e-01
1.600000000000000311e-01
1.266666666666667052e-01
7.333333333333336146e-02
8.666666666666666963e-02
1.133333333333332860e-01
4.666666666666663410e-02
1.066666666666666874e-01
2.666666666666661634e-02
5.333333333333334370e-02
3.333333333333332593e-02
3.333333333333332593e-02
2.666666666666661634e-02
2.000000000000001776e-02
0.000000000000000000e+00
6.666666666666709595e-03
6.666666666666709595e-03
0.000000000000000000e+00
0.000000000000000000e+00
6.666666666666709595e-03
0.000000000000000000e+00
0.000000000000000000e+00
0.000000000000000000e+00
0.000000000000000000e+00
0.000000000000000000e+00
0.000000000000000000e+00
0.000000000000000000e+00
