5.400000000000000355e-01
4.866666666666666918e-01
5.133333333333333082e-01
5.000000000000000000e-01
5.666666666666666519e-01
5.066666666666665986e-01
4.733333333333333837e-01
4.666666666666666741e-01
4.933333333333332904e-01
4.799999999999999822e-01
5.266666666666666163e-01
5.400000000000000355e-01
4.866666666666666918e-01
5.066666666666665986e-01
4.399999999999999467e-01
4.533333333333333659e-01
4.333333333333333481e-01
4.399999999999999467e-01
4.866666666666666918e-01
4.666666666666666741e-01
4.733333333333333837e-01
4.399999999999999467e-01
4.666666666666666741e-01
4.866666666666666918e-01
4.133333333333333304e-01
3.666666666666666963e-01
3.933333333333333126e-01
4.466666666666666563e-01
5.066666666666665986e-01
4.399999999999999467e-01
4.200000000000000400e-01
3.599999999999999867e-01
4.133333333333333304e-01
3.733333333333332948e-01
4.133333333333333304e-01
3.733333333333332948e-01
4.133333333333333304e-01
2.933333333333333348e-01
3.800000000000000044e-01
2.800000000000000266e-01
3.066666666666666430e-01
3.333333333333333703e-01
2.866666666666666252e-01
2.466666666666667007e-01
2.866666666666666252e-01
2.533333333333332993e-01
2.866666666666666252e-01
2.199999999999999734e-01
2.399999999999999911e-01
2.399999999999999911e-01
