4.666666666666666741e-01
4.733333333333333837e-01
4.866666666666666918e-01
3.933333333333333126e-01
4.266666666666666385e-01
3.733333333333332948e-01
4.066666666666666208e-01
3.800000000000000044e-01
4.466666666666666563e-01
4.000000000000000222e-01
4.266666666666666385e-01
4.066666666666666208e-01
2.600000000000000089e-01
3.533333333333333881e-01
3.333333333333333703e-01
3.133333333333333526e-01
3.266666666666666607e-01
3.466666666666666785e-01
2.333333333333332815e-01
2.199999999999999734e-01
3.000000000000000444e-01
2.533333333333332993e-01
2.666666666666667185e-01
2.466666666666667007e-01
1.666666666666666297e-01
1.666666666666666297e-01
9.999999999999997780e-02
8.666666666666666963e-02
1.333333333333333037e-01
7.333333333333336146e-02
1.066666666666666874e-01
3.333333333333332593e-02
6.000000000000005329e-02
6.666666666666665186e-02
3.333333333333332593e-02
2.000000000000001776e-02
2.000000000000001776e-02
1.333333333333330817e-02
6.666666666666709595e-03
0.000000000000000000e+00
6.666666666666709595e-03
1.333333333333330817e-02
6.666666666666709595e-03
0.000000000000000000e+00
0.000000000000000000e+00
0.000000000000000000e+00
0.000000000000000000e+00
0.000000000000000000e+00
0.000000000000000000e+00
0.000000000000000000e+00
