4.399999999999999467e-01
4.399999999999999467e-01
5.066666666666665986e-01
4.533333333333333659e-01
4.733333333333333837e-01
4.466666666666666563e-01
4.799999999999999822e-01
4.533333333333333659e-01
4.200000000000000400e-01
3.866666666666667140e-01
3.599999999999999867e-01
3.733333333333332948e-01
4.200000000000000400e-01
3.466666666666666785e-01
3.066666666666666430e-01
4.066666666666666208e-01
4.000000000000000222e-01
3.533333333333333881e-01
2.600000000000000089e-01
2.666666666666667185e-01
2.933333333333333348e-01
2.533333333333332993e-01
2.600000000000000089e-01
2.333333333333332815e-01
1.933333333333333570e-01
1.933333333333333570e-01
1.933333333333333570e-01
1.666666666666666297e-01
1.400000000000000133e-01
1.333333333333333037e-01
1.199999999999999956e-01
8.666666666666666963e-02
9.333333333333337922e-02
7.999999999999996003e-02
1.466666666666666119e-01
4.666666666666663410e-02
6.000000000000005329e-02
6.000000000000005329e-02
4.666666666666663410e-02
2.666666666666661634e-02
1.333333333333330817e-02
6.666666666666709595e-03
2.000000000000001776e-02
1.333333333333330817e-02
0.000000000000000000e+00
0.000000000000000000e+00
6.666666666666709595e-03
6.666666666666709595e-03
0.000000000000000000e+00
0.000000000000000000e+00
