1.933333333333333570e-01
2.466666666666667007e-01
2.199999999999999734e-01
2.133333333333333748e-01
1.733333333333333393e-01
2.199999999999999734e-01
1.933333333333333570e-01
1.666666666666666297e-01
1.866666666666666474e-01
1.266666666666667052e-01
1.266666666666667052e-01
1.333333333333333037e-01
9.333333333333337922e-02
8.666666666666666963e-02
1.533333333333333215e-01
1.066666666666666874e-01
7.999999999999996003e-02
9.333333333333337922e-02
5.333333333333334370e-02
2.666666666666661634e-02
3.333333333333332593e-02
4.666666666666663410e-02
2.666666666666661634e-02
2.666666666666661634e-02
1.333333333333330817e-02
2.666666666666661634e-02
1.333333333333330817e-02
3.333333333333332593e-02
6.666666666666709595e-03
1.333333333333330817e-02
1.333333333333330817e-02
6.666666666666709595e-03
0.000000000000000000e+00
0.000000000000000000e+00
6.666666666666709595e-03
0.000000000000000000e+00
0.000000000000000000e+00
0.000000000000000000e+00
0.000000000000000000e+00
0.000000000000000000e+00
0.000000000000000000e+00
0.000000000000000000e+00
0.000000000000000000e+00
0.000000000000000000e+00
0.000000000000000000e+00
0.000000000000000000e+00
0.000000000000000000e+00
0.000000000000000000e+00
0.000000000000000000e+00
0.000000000000000000e+00
