4.066666666666666208e-01
4.200000000000000400e-01
3.800000000000000044e-01
4.066666666666666208e-01
4.266666666666666385e-01
5.200000000000000178e-01
4.266666666666666385e-01
3.933333333333333126e-01
4.066666666666666208e-01
3.933333333333333126e-01
3.866666666666667140e-01
4.000000000000000222e-01
3.800000000000000044e-01
3.333333333333333703e-01
3.066666666666666430e-01
3.333333333333333703e-01
3.199999999999999512e-01
3.399999999999999689e-01
2.333333333333332815e-01
2.333333333333332815e-01
2.333333333333332815e-01
2.266666666666666829e-01
2.333333333333332815e-01
1.866666666666666474e-01
1.733333333333333393e-01
1.866666666666666474e-01
1.466666666666666119e-01
1.400000000000000133e-01
1.199999999999999956e-01
1.066666666666666874e-01
1.199999999999999956e-01
7.333333333333336146e-02
7.333333333333336146e-02
2.000000000000001776e-02
7.999999999999996003e-02
1.333333333333330817e-02
1.333333333333330817e-02
2.666666666666661634e-02
2.000000000000001776e-02
0.000000000000000000e+00
1.333333333333330817e-02
0.000000000000000000e+00
0.000000000000000000e+00
0.000000000000000000e+00
0.000000000000000000e+00
6.666666666666709595e-03
0.000000000000000000e+00
0.000000000000000000e+00
0.000000000000000000e+00
0.000000000000000000e+00
