4.822666666666666213e-01
4.816933333333333067e-01
4.775866666666667149e-01
4.767599999999999616e-01
4.748933333333332785e-01
4.729866666666666664e-01
4.717733333333333778e-01
4.637866666666666804e-01
4.613599999999999923e-01
4.623599999999999932e-01
4.557333333333333236e-01
4.533733333333332949e-01
4.500133333333333763e-01
4.435466666666666447e-01
4.397199999999999998e-01
4.330933333333333302e-01
4.317866666666666520e-01
4.225999999999999757e-01
4.194133333333333047e-01
4.112533333333333596e-01
4.064400000000000235e-01
3.952266666666666151e-01
3.863999999999999657e-01
3.789599999999999635e-01
3.675333333333333785e-01
3.565599999999999881e-01
3.448266666666666147e-01
3.371466666666667056e-01
3.203466666666666685e-01
3.096533333333333360e-01
2.919733333333333070e-01
2.764400000000000190e-01
2.588399999999999590e-01
2.441200000000000037e-01
2.274000000000000465e-01
2.102533333333332921e-01
1.939999999999999503e-01
1.757733333333333370e-01
1.585199999999999942e-01
1.407066666666666466e-01
1.217200000000000504e-01
1.045866666666667166e-01
9.109333333333335947e-02
7.525333333333328323e-02
6.369333333333337954e-02
5.105333333333328394e-02
3.989333333333333620e-02
3.086666666666670888e-02
2.370666666666665368e-02
1.689333333333331577e-02
