4.916933333333333156e-01
4.864533333333332932e-01
4.907466666666666644e-01
4.866399999999999615e-01
4.842133333333333844e-01
4.805333333333333679e-01
4.804800000000000182e-01
4.792399999999999993e-01
4.760133333333332883e-01
4.754000000000000448e-01
4.769600000000000506e-01
4.700133333333332830e-01
4.680666666666666309e-01
4.634266666666666534e-01
4.627466666666666395e-01
4.594799999999999995e-01
4.575466666666666571e-01
4.521333333333333870e-01
4.487999999999999767e-01
4.437600000000000433e-01
4.411733333333333062e-01
4.350266666666666726e-01
4.325733333333333652e-01
4.216666666666666341e-01
4.191333333333333577e-01
4.109199999999999520e-01
4.071333333333333471e-01
3.947599999999999998e-01
3.902533333333333410e-01
3.827466666666666795e-01
3.706399999999999695e-01
3.604933333333333323e-01
3.484133333333333526e-01
3.339600000000000346e-01
3.247066666666666990e-01
3.110800000000000232e-01
2.961466666666666692e-01
2.868000000000000549e-01
2.740799999999999903e-01
2.579599999999999671e-01
2.431333333333333124e-01
2.241066666666666762e-01
2.103866666666667218e-01
1.973599999999999799e-01
1.802133333333333365e-01
1.648933333333333362e-01
1.487333333333333840e-01
1.338666666666666893e-01
1.172400000000000109e-01
1.036000000000000254e-01
