2.399599999999999511e-01
2.325333333333333696e-01
2.214933333333333199e-01
2.117333333333333290e-01
2.008400000000000185e-01
1.925733333333333741e-01
1.802399999999999558e-01
1.708933333333333415e-01
1.620000000000000329e-01
1.530000000000000249e-01
1.428133333333333477e-01
1.301466666666666328e-01
1.186399999999999677e-01
1.094399999999999817e-01
1.014266666666666650e-01
9.134666666666668711e-02
8.321333333333336135e-02
7.335999999999998078e-02
6.626666666666669592e-02
5.805333333333329016e-02
5.115999999999998327e-02
4.432000000000002604e-02
3.717333333333328049e-02
3.134666666666663382e-02
2.656000000000002803e-02
2.142666666666670494e-02
1.783999999999996700e-02
1.365333333333329513e-02
1.014666666666663719e-02
8.773333333333299677e-03
6.066666666666664653e-03
4.680000000000017479e-03
3.240000000000020641e-03
2.360000000000028741e-03
1.746666666666674139e-03
1.253333333333328525e-03
6.933333333333235871e-04
4.266666666666862895e-04
2.266666666667083163e-04
1.866666666666683128e-04
4.000000000004000356e-05
6.666666666665932439e-05
1.333333333330966042e-05
1.333333333330966042e-05
0.000000000000000000e+00
0.000000000000000000e+00
0.000000000000000000e+00
0.000000000000000000e+00
0.000000000000000000e+00
0.000000000000000000e+00
