4.666133333333333244e-01
4.627200000000000202e-01
4.597333333333333272e-01
4.561866666666666292e-01
4.516266666666666207e-01
4.471600000000000019e-01
4.455466666666666464e-01
4.370666666666667144e-01
4.329866666666666308e-01
4.290800000000000169e-01
4.207999999999999519e-01
4.144933333333333803e-01
4.086266666666666936e-01
3.984933333333333660e-01
3.909466666666666645e-01
3.798533333333333761e-01
3.713333333333332931e-01
3.616800000000000015e-01
3.523333333333333872e-01
3.412533333333332974e-01
3.336400000000000476e-01
3.157066666666666910e-01
3.025600000000000511e-01
2.872133333333333205e-01
2.735866666666666447e-01
2.564266666666666916e-01
2.406000000000000361e-01
2.241733333333333356e-01
2.077866666666666751e-01
1.920399999999999885e-01
1.713200000000000278e-01
1.530933333333333035e-01
1.342266666666667163e-01
1.161466666666666203e-01
1.024266666666666659e-01
8.697333333333334693e-02
7.264000000000003787e-02
5.902666666666667172e-02
4.888000000000003453e-02
3.774666666666670611e-02
2.893333333333336643e-02
2.037333333333335439e-02
1.561333333333336792e-02
1.131999999999999673e-02
7.973333333333387785e-03
5.493333333333350055e-03
3.093333333333281310e-03
1.653333333333284472e-03
1.013333333333310549e-03
6.133333333333546022e-04
