2.412533333333333196e-01
2.295866666666667166e-01
2.194000000000000394e-01
2.113866666666666116e-01
2.007200000000000095e-01
1.927066666666666928e-01
1.832799999999999985e-01
1.715999999999999748e-01
1.608133333333333637e-01
1.491866666666666896e-01
1.416666666666667185e-01
1.293999999999999595e-01
1.202400000000000135e-01
1.107599999999999696e-01
1.007200000000000317e-01
9.090666666666669116e-02
8.245333333333337844e-02
7.273333333333331652e-02
6.709333333333333815e-02
5.801333333333336117e-02
4.990666666666665474e-02
4.405333333333338874e-02
3.842666666666672004e-02
3.289333333333332998e-02
2.600000000000002309e-02
2.125333333333334629e-02
1.663999999999998813e-02
1.398666666666670277e-02
1.054666666666670416e-02
8.560000000000012044e-03
6.506666666666660603e-03
4.866666666666685792e-03
3.386666666666648950e-03
2.759999999999984688e-03
1.399999999999956835e-03
1.053333333333350552e-03
6.666666666667042662e-04
6.133333333333546022e-04
3.333333333332966220e-04
1.999999999999779732e-04
6.666666666665932439e-05
2.666666666661932084e-05
2.666666666661932084e-05
0.000000000000000000e+00
0.000000000000000000e+00
0.000000000000000000e+00
0.000000000000000000e+00
0.000000000000000000e+00
0.000000000000000000e+00
0.000000000000000000e+00
