4.329066666666666618e-01
4.309600000000000097e-01
4.195200000000000040e-01
4.191466666666666674e-01
4.147600000000000176e-01
4.047066666666666590e-01
3.939333333333333576e-01
3.896266666666666767e-01
3.793333333333333002e-01
3.686266666666666580e-01
3.586133333333333395e-01
3.474133333333333518e-01
3.369600000000000373e-01
3.247066666666666990e-01
3.098533333333333140e-01
2.983599999999999586e-01
2.862666666666666693e-01
2.743999999999999773e-01
2.580666666666666664e-01
2.406666666666666954e-01
2.249333333333333185e-01
2.079600000000000337e-01
1.921733333333333071e-01
1.748399999999999954e-01
1.583200000000000163e-01
1.434933333333333616e-01
1.245333333333333847e-01
1.112800000000000455e-01
9.387999999999996348e-02
8.217333333333332046e-02
6.882666666666670263e-02
5.876000000000003443e-02
4.639999999999999680e-02
3.837333333333337038e-02
2.974666666666669901e-02
2.329333333333338807e-02
1.746666666666663037e-02
1.280000000000003357e-02
9.759999999999990905e-03
6.186666666666673642e-03
4.480000000000039506e-03
2.666666666666706043e-03
1.586666666666625147e-03
1.026666666666620209e-03
6.399999999999739231e-04
4.133333333333766291e-04
1.600000000000489919e-04
6.666666666665932439e-05
2.666666666661932084e-05
1.333333333330966042e-05
