4.469066666666666743e-01
4.484133333333333304e-01
4.361599999999999921e-01
4.362266666666666515e-01
4.339066666666666627e-01
4.284000000000000030e-01
4.151733333333332832e-01
4.130399999999999627e-01
4.059066666666666379e-01
3.975199999999999845e-01
3.892533333333333401e-01
3.813600000000000323e-01
3.714666666666666117e-01
3.605466666666666820e-01
3.486133333333333306e-01
3.395466666666666633e-01
3.294133333333333358e-01
3.168933333333333602e-01
3.029333333333333877e-01
2.903999999999999915e-01
2.763866666666666694e-01
2.634266666666666978e-01
2.473999999999999533e-01
2.292933333333333490e-01
2.172399999999999887e-01
1.995333333333333403e-01
1.827733333333333432e-01
1.687333333333332908e-01
1.495199999999999863e-01
1.374266666666666969e-01
1.210400000000000365e-01
1.086266666666666492e-01
9.313333333333329023e-02
8.157333333333338654e-02
6.923999999999996824e-02
5.779999999999996252e-02
4.841333333333330824e-02
3.971999999999997755e-02
3.280000000000005134e-02
2.577333333333331478e-02
1.963999999999999080e-02
1.489333333333331399e-02
1.165333333333329335e-02
8.306666666666684407e-03
5.920000000000036344e-03
4.453333333333309163e-03
3.040000000000042668e-03
1.973333333333382456e-03
1.079999999999969873e-03
7.333333333333635906e-04
