4.403733333333332833e-01
4.389066666666666672e-01
4.281333333333333657e-01
4.255333333333333190e-01
4.202933333333332966e-01
4.123066666666667102e-01
4.024799999999999489e-01
3.987733333333333130e-01
3.878266666666666529e-01
3.796666666666667078e-01
3.699066666666667169e-01
3.602400000000000047e-01
3.498533333333333495e-01
3.390666666666666273e-01
3.260266666666666868e-01
3.123333333333333517e-01
3.027066666666666794e-01
2.899333333333333762e-01
2.747466666666666946e-01
2.587333333333333707e-01
2.425733333333333075e-01
2.246533333333333715e-01
2.103599999999999914e-01
1.918800000000000505e-01
1.747466666666667168e-01
1.598666666666667124e-01
1.412799999999999612e-01
1.267333333333333645e-01
1.085066666666666402e-01
9.775999999999995804e-02
8.353333333333334831e-02
6.974666666666662351e-02
5.746666666666666590e-02
4.767999999999994465e-02
3.669333333333335556e-02
2.936000000000005272e-02
2.236000000000004651e-02
1.695999999999997510e-02
1.224000000000002863e-02
9.146666666666636303e-03
6.453333333333310939e-03
3.373333333333339290e-03
2.146666666666630086e-03
1.306666666666678189e-03
8.533333333333725790e-04
5.866666666666242591e-04
2.799999999999469580e-04
1.200000000000089884e-04
6.666666666665932439e-05
1.333333333330966042e-05
