2.466666666666667007e-01
1.933333333333333570e-01
2.399999999999999911e-01
2.066666666666666652e-01
1.866666666666666474e-01
1.400000000000000133e-01
1.866666666666666474e-01
1.666666666666666297e-01
1.733333333333333393e-01
1.466666666666666119e-01
1.133333333333332860e-01
6.000000000000005329e-02
9.333333333333337922e-02
6.000000000000005329e-02
9.333333333333337922e-02
9.333333333333337922e-02
1.066666666666666874e-01
6.666666666666665186e-02
6.666666666666665186e-02
4.666666666666663410e-02
5.333333333333334370e-02
2.000000000000001776e-02
4.666666666666663410e-02
6.666666666666709595e-03
1.333333333333330817e-02
2.000000000000001776e-02
3.333333333333332593e-02
0.000000000000000000e+00
1.333333333333330817e-02
0.000000000000000000e+00
6.666666666666709595e-03
6.666666666666709595e-03
6.666666666666709595e-03
0.000000000000000000e+00
0.000000000000000000e+00
0.000000000000000000e+00
0.000000000000000000e+00
0.000000000000000000e+00
0.000000000000000000e+00
0.000000000000000000e+00
0.000000000000000000e+00
0.000000000000000000e+00
0.000000000000000000e+00
0.000000000000000000e+00
0.000000000000000000e+00
0.000000000000000000e+00
0.000000000000000000e+00
0.000000000000000000e+00
0.000000000000000000e+00
0.000000000000000000e+00
