3.800000000000000044e-01
5.333333333333333259e-01
4.066666666666666208e-01
5.066666666666665986e-01
4.933333333333332904e-01
4.200000000000000400e-01
4.266666666666666385e-01
5.266666666666666163e-01
4.666666666666666741e-01
5.133333333333333082e-01
4.200000000000000400e-01
4.266666666666666385e-01
4.200000000000000400e-01
4.133333333333333304e-01
5.000000000000000000e-01
3.666666666666666963e-01
4.066666666666666208e-01
3.933333333333333126e-01
3.133333333333333526e-01
4.200000000000000400e-01
3.133333333333333526e-01
3.533333333333333881e-01
3.800000000000000044e-01
3.333333333333333703e-01
2.800000000000000266e-01
2.600000000000000089e-01
3.599999999999999867e-01
2.733333333333333171e-01
3.133333333333333526e-01
2.533333333333332993e-01
2.333333333333332815e-01
2.399999999999999911e-01
1.800000000000000488e-01
1.999999999999999556e-01
1.600000000000000311e-01
1.266666666666667052e-01
1.466666666666666119e-01
1.466666666666666119e-01
1.133333333333332860e-01
7.999999999999996003e-02
7.999999999999996003e-02
4.000000000000003553e-02
4.666666666666663410e-02
4.000000000000003553e-02
1.333333333333330817e-02
1.333333333333330817e-02
2.000000000000001776e-02
6.666666666666709595e-03
0.000000000000000000e+00
6.666666666666709595e-03
