4.200000000000000400e-01
4.799999999999999822e-01
4.266666666666666385e-01
4.933333333333332904e-01
4.799999999999999822e-01
4.466666666666666563e-01
4.200000000000000400e-01
4.799999999999999822e-01
4.200000000000000400e-01
4.933333333333332904e-01
4.399999999999999467e-01
3.800000000000000044e-01
4.066666666666666208e-01
4.200000000000000400e-01
4.533333333333333659e-01
4.066666666666666208e-01
4.666666666666666741e-01
4.066666666666666208e-01
3.533333333333333881e-01
3.333333333333333703e-01
3.399999999999999689e-01
3.866666666666667140e-01
3.733333333333332948e-01
3.666666666666666963e-01
2.800000000000000266e-01
2.333333333333332815e-01
2.733333333333333171e-01
2.533333333333332993e-01
2.733333333333333171e-01
1.733333333333333393e-01
2.399999999999999911e-01
2.066666666666666652e-01
1.533333333333333215e-01
1.866666666666666474e-01
1.199999999999999956e-01
1.400000000000000133e-01
1.466666666666666119e-01
1.600000000000000311e-01
7.333333333333336146e-02
6.666666666666665186e-02
7.999999999999996003e-02
2.000000000000001776e-02
4.666666666666663410e-02
3.333333333333332593e-02
2.000000000000001776e-02
2.000000000000001776e-02
1.333333333333330817e-02
2.000000000000001776e-02
0.000000000000000000e+00
0.000000000000000000e+00
