4.533333333333333659e-01
4.733333333333333837e-01
5.466666666666666341e-01
5.266666666666666163e-01
5.866666666666666696e-01
4.933333333333332904e-01
4.799999999999999822e-01
3.599999999999999867e-01
4.466666666666666563e-01
4.666666666666666741e-01
5.333333333333333259e-01
4.333333333333333481e-01
5.133333333333333082e-01
4.533333333333333659e-01
4.066666666666666208e-01
4.533333333333333659e-01
4.200000000000000400e-01
4.533333333333333659e-01
4.333333333333333481e-01
4.666666666666666741e-01
4.133333333333333304e-01
4.066666666666666208e-01
4.866666666666666918e-01
3.733333333333332948e-01
3.800000000000000044e-01
3.666666666666666963e-01
3.666666666666666963e-01
3.800000000000000044e-01
3.666666666666666963e-01
3.466666666666666785e-01
3.199999999999999512e-01
3.800000000000000044e-01
3.666666666666666963e-01
3.599999999999999867e-01
3.133333333333333526e-01
2.866666666666666252e-01
3.199999999999999512e-01
2.733333333333333171e-01
2.800000000000000266e-01
3.399999999999999689e-01
1.933333333333333570e-01
2.333333333333332815e-01
1.733333333333333393e-01
2.466666666666667007e-01
2.199999999999999734e-01
1.466666666666666119e-01
1.533333333333333215e-01
1.333333333333333037e-01
7.333333333333336146e-02
1.266666666666667052e-01
