4.733333333333333837e-01
4.599999999999999645e-01
5.066666666666665986e-01
4.933333333333332904e-01
5.466666666666666341e-01
5.133333333333333082e-01
3.866666666666667140e-01
3.533333333333333881e-01
4.666666666666666741e-01
4.333333333333333481e-01
4.333333333333333481e-01
3.599999999999999867e-01
4.200000000000000400e-01
3.733333333333332948e-01
3.533333333333333881e-01
4.133333333333333304e-01
3.800000000000000044e-01
3.466666666666666785e-01
3.666666666666666963e-01
3.199999999999999512e-01
2.933333333333333348e-01
3.000000000000000444e-01
3.399999999999999689e-01
2.533333333333332993e-01
2.333333333333332815e-01
2.266666666666666829e-01
2.399999999999999911e-01
1.733333333333333393e-01
1.666666666666666297e-01
1.533333333333333215e-01
1.733333333333333393e-01
1.600000000000000311e-01
1.400000000000000133e-01
9.999999999999997780e-02
1.133333333333332860e-01
7.999999999999996003e-02
1.400000000000000133e-01
6.666666666666665186e-02
6.666666666666665186e-02
6.000000000000005329e-02
1.333333333333330817e-02
2.000000000000001776e-02
0.000000000000000000e+00
6.666666666666709595e-03
2.000000000000001776e-02
0.000000000000000000e+00
0.000000000000000000e+00
0.000000000000000000e+00
0.000000000000000000e+00
0.000000000000000000e+00
