4.866666666666666918e-01
4.599999999999999645e-01
5.200000000000000178e-01
5.133333333333333082e-01
4.733333333333333837e-01
5.400000000000000355e-01
4.399999999999999467e-01
5.200000000000000178e-01
4.733333333333333837e-01
4.599999999999999645e-01
4.399999999999999467e-01
4.200000000000000400e-01
4.599999999999999645e-01
4.866666666666666918e-01
3.666666666666666963e-01
5.000000000000000000e-01
4.599999999999999645e-01
4.266666666666666385e-01
4.466666666666666563e-01
3.933333333333333126e-01
4.066666666666666208e-01
3.533333333333333881e-01
4.066666666666666208e-01
3.333333333333333703e-01
3.466666666666666785e-01
3.533333333333333881e-01
2.933333333333333348e-01
3.399999999999999689e-01
2.600000000000000089e-01
2.466666666666667007e-01
2.800000000000000266e-01
2.800000000000000266e-01
2.933333333333333348e-01
2.733333333333333171e-01
2.466666666666667007e-01
1.533333333333333215e-01
2.733333333333333171e-01
1.933333333333333570e-01
1.933333333333333570e-01
1.600000000000000311e-01
1.199999999999999956e-01
1.266666666666667052e-01
1.066666666666666874e-01
9.999999999999997780e-02
1.066666666666666874e-01
3.333333333333332593e-02
4.000000000000003553e-02
2.666666666666661634e-02
2.000000000000001776e-02
1.333333333333330817e-02
