2.466666666666667007e-01
2.066666666666666652e-01
2.399999999999999911e-01
1.600000000000000311e-01
1.800000000000000488e-01
1.600000000000000311e-01
1.400000000000000133e-01
1.400000000000000133e-01
1.866666666666666474e-01
1.600000000000000311e-01
1.066666666666666874e-01
7.999999999999996003e-02
9.999999999999997780e-02
1.266666666666667052e-01
9.999999999999997780e-02
7.999999999999996003e-02
6.666666666666665186e-02
8.666666666666666963e-02
7.999999999999996003e-02
7.999999999999996003e-02
6.000000000000005329e-02
2.666666666666661634e-02
4.000000000000003553e-02
2.000000000000001776e-02
3.333333333333332593e-02
1.333333333333330817e-02
2.000000000000001776e-02
3.333333333333332593e-02
6.666666666666709595e-03
0.000000000000000000e+00
2.000000000000001776e-02
1.333333333333330817e-02
0.000000000000000000e+00
0.000000000000000000e+00
0.000000000000000000e+00
0.000000000000000000e+00
0.000000000000000000e+00
0.000000000000000000e+00
0.000000000000000000e+00
0.000000000000000000e+00
0.000000000000000000e+00
0.000000000000000000e+00
0.000000000000000000e+00
0.000000000000000000e+00
0.000000000000000000e+00
0.000000000000000000e+00
0.000000000000000000e+00
0.000000000000000000e+00
0.000000000000000000e+00
0.000000000000000000e+00
