4.866466666666666718e-01
4.864466666666666939e-01
4.884266666666666756e-01
4.837933333333332975e-01
4.816466666666666674e-01
4.849866666666666770e-01
4.819866666666666744e-01
4.794333333333333780e-01
4.770999999999999686e-01
4.767866666666666919e-01
4.745733333333332915e-01
4.705066666666666286e-01
4.700066666666666837e-01
4.666133333333333244e-01
4.648466666666666303e-01
4.612800000000000233e-01
4.572266666666666701e-01
4.528733333333333499e-01
4.483133333333333415e-01
4.455999999999999961e-01
4.402666666666666950e-01
4.344533333333333580e-01
4.285933333333333817e-01
4.204200000000000159e-01
4.189133333333333598e-01
4.119000000000000439e-01
4.057466666666666999e-01
3.965333333333332932e-01
3.864933333333333554e-01
3.791266666666666119e-01
3.690866666666666740e-01
3.620333333333333181e-01
3.482266666666666843e-01
3.366733333333333800e-01
3.257600000000000495e-01
3.137600000000000389e-01
2.995733333333333581e-01
2.878199999999999648e-01
2.725600000000000245e-01
2.587333333333333707e-01
2.428200000000000358e-01
2.282066666666666688e-01
2.106333333333333391e-01
1.962533333333332797e-01
1.807066666666666821e-01
1.627666666666666151e-01
1.476866666666666328e-01
1.324733333333333318e-01
1.179066666666667151e-01
1.021066666666666789e-01
