4.628733333333333588e-01
4.644866666666667143e-01
4.615866666666667006e-01
4.552866666666666173e-01
4.501800000000000246e-01
4.484133333333333304e-01
4.450133333333333718e-01
4.379600000000000160e-01
4.320133333333333603e-01
4.272066666666666235e-01
4.218933333333333424e-01
4.132933333333332904e-01
4.091933333333332978e-01
4.004199999999999982e-01
3.927733333333333077e-01
3.843400000000000150e-01
3.745866666666666234e-01
3.625399999999999734e-01
3.515066666666666340e-01
3.426599999999999646e-01
3.272000000000000464e-01
3.152533333333333854e-01
3.014599999999999502e-01
2.845400000000000151e-01
2.720466666666666589e-01
2.569533333333333669e-01
2.426266666666666572e-01
2.229400000000000270e-01
2.058466666666666223e-01
1.873066666666666213e-01
1.704933333333333856e-01
1.526066666666666682e-01
1.349599999999999689e-01
1.188799999999999857e-01
1.025066666666666348e-01
8.756666666666668153e-02
7.353333333333333943e-02
6.112666666666666249e-02
4.741333333333330735e-02
3.771999999999997577e-02
2.851333333333327946e-02
2.137333333333335528e-02
1.532666666666671063e-02
1.076666666666670213e-02
7.486666666666641490e-03
4.946666666666654777e-03
3.053333333333352329e-03
1.866666666666683128e-03
1.046666666666640211e-03
4.800000000000359535e-04
