4.798266666666666236e-01
4.794466666666666876e-01
4.791933333333333600e-01
4.776066666666666238e-01
4.739266666666667183e-01
4.708599999999999453e-01
4.708799999999999653e-01
4.646533333333333626e-01
4.632066666666666555e-01
4.588266666666667160e-01
4.576266666666666261e-01
4.518799999999999484e-01
4.493733333333332913e-01
4.450933333333333408e-01
4.422800000000000065e-01
4.365933333333333888e-01
4.299800000000000288e-01
4.240533333333332822e-01
4.162466666666666537e-01
4.132400000000000517e-01
4.027266666666666772e-01
3.956666666666667220e-01
3.851066666666667082e-01
3.755199999999999649e-01
3.669400000000000439e-01
3.584199999999999608e-01
3.457400000000000473e-01
3.319333333333333025e-01
3.189066666666666716e-01
3.048133333333333805e-01
2.922666666666666746e-01
2.774400000000000199e-01
2.610799999999999788e-01
2.438733333333333864e-01
2.260933333333333684e-01
2.103800000000000114e-01
1.925733333333333741e-01
1.761333333333333639e-01
1.576666666666666217e-01
1.406399999999999872e-01
1.222866666666666546e-01
1.064733333333333087e-01
9.149333333333331542e-02
7.511999999999996458e-02
6.175333333333332675e-02
5.076666666666662664e-02
4.025999999999996248e-02
3.101333333333333719e-02
2.349333333333336604e-02
1.646666666666662948e-02
