2.408666666666666734e-01
2.307666666666666755e-01
2.233733333333333126e-01
2.124599999999999822e-01
2.010933333333333461e-01
1.942399999999999682e-01
1.802866666666667061e-01
1.733133333333333193e-01
1.610933333333333106e-01
1.512533333333333507e-01
1.388266666666666538e-01
1.320933333333332849e-01
1.214866666666666317e-01
1.118533333333333601e-01
1.013066666666666560e-01
9.211999999999997968e-02
8.243999999999995776e-02
7.394666666666671606e-02
6.597333333333332828e-02
5.801333333333336117e-02
5.030000000000001137e-02
4.389333333333333975e-02
3.710666666666662117e-02
3.160666666666667179e-02
2.591333333333334377e-02
2.160666666666666291e-02
1.804666666666665531e-02
1.388000000000000345e-02
1.090000000000002078e-02
8.073333333333376771e-03
6.493333333333350943e-03
4.826666666666645789e-03
3.433333333333288273e-03
2.219999999999999751e-03
1.826666666666643124e-03
1.113333333333299535e-03
7.466666666666732510e-04
4.066666666666662877e-04
2.466666666666172958e-04
1.733333333333586523e-04
9.333333333327864523e-05
2.666666666661932084e-05
2.000000000002000178e-05
0.000000000000000000e+00
6.666666666710341360e-06
0.000000000000000000e+00
0.000000000000000000e+00
0.000000000000000000e+00
0.000000000000000000e+00
0.000000000000000000e+00
