4.823066666666666613e-01
4.815800000000000081e-01
4.771800000000000486e-01
4.757866666666666911e-01
4.743000000000000549e-01
4.706399999999999473e-01
4.673666666666667080e-01
4.647266666666666213e-01
4.656400000000000539e-01
4.601866666666666328e-01
4.557200000000000140e-01
4.515799999999999814e-01
4.505400000000000515e-01
4.454333333333333478e-01
4.419533333333333092e-01
4.349199999999999733e-01
4.303133333333333255e-01
4.207999999999999519e-01
4.167333333333332890e-01
4.103533333333333477e-01
4.020733333333332826e-01
3.979399999999999604e-01
3.881400000000000405e-01
3.790066666666667139e-01
3.683733333333333304e-01
3.577000000000000179e-01
3.463066666666666515e-01
3.330933333333333524e-01
3.201066666666666505e-01
3.086066666666666958e-01
2.926933333333333609e-01
2.756133333333333768e-01
2.627133333333333542e-01
2.447000000000000286e-01
2.299333333333333229e-01
2.089466666666666139e-01
1.929466666666667107e-01
1.761266666666666536e-01
1.571133333333333271e-01
1.387933333333333241e-01
1.229533333333333589e-01
1.074000000000000510e-01
9.174666666666664305e-02
7.675333333333334007e-02
6.337999999999999190e-02
5.083333333333328596e-02
3.984666666666669688e-02
3.096666666666669787e-02
2.388000000000001233e-02
1.759999999999994902e-02
