2.412266666666667003e-01
2.314266666666666694e-01
2.205533333333333790e-01
2.115133333333333310e-01
2.031266666666666776e-01
1.925266666666666238e-01
1.815200000000000147e-01
1.715866666666666651e-01
1.610533333333333816e-01
1.501599999999999602e-01
1.409000000000000252e-01
1.311400000000000343e-01
1.202533333333333232e-01
1.113399999999999945e-01
1.010666666666666380e-01
9.186666666666665204e-02
8.204000000000000181e-02
7.372000000000000774e-02
6.684000000000001052e-02
5.793333333333328117e-02
5.110000000000003428e-02
4.308666666666671752e-02
3.720000000000001084e-02
3.137999999999996348e-02
2.621333333333331073e-02
2.111333333333331730e-02
1.804666666666665531e-02
1.385333333333338413e-02
1.080666666666663112e-02
8.446666666666713397e-03
6.653333333333288913e-03
4.613333333333358155e-03
3.613333333333357267e-03
2.406666666666668064e-03
1.746666666666674139e-03
1.059999999999949871e-03
7.133333333333435888e-04
4.733333333333256121e-04
2.933333333333676407e-04
1.600000000000489919e-04
7.999999999996898481e-05
5.333333333334966397e-05
2.666666666661932084e-05
2.000000000002000178e-05
6.666666666710341360e-06
0.000000000000000000e+00
0.000000000000000000e+00
0.000000000000000000e+00
0.000000000000000000e+00
0.000000000000000000e+00
