4.686533333333333662e-01
4.671466666666667100e-01
4.633333333333333748e-01
4.583800000000000097e-01
4.537933333333333819e-01
4.519466666666667187e-01
4.459400000000000031e-01
4.436200000000000143e-01
4.365266666666666184e-01
4.337866666666666537e-01
4.264733333333333709e-01
4.209666666666667112e-01
4.158466666666666978e-01
4.085199999999999942e-01
3.989933333333333110e-01
3.933600000000000430e-01
3.836000000000000520e-01
3.720266666666666167e-01
3.635266666666666646e-01
3.536200000000000454e-01
3.438066666666667048e-01
3.307466666666666333e-01
3.175400000000000444e-01
3.063066666666666160e-01
2.933266666666666245e-01
2.750799999999999912e-01
2.624400000000000066e-01
2.446666666666666989e-01
2.307266666666666355e-01
2.135599999999999721e-01
1.998733333333333473e-01
1.809600000000000097e-01
1.630933333333333124e-01
1.474266666666667058e-01
1.328533333333333788e-01
1.145533333333332848e-01
1.007733333333333814e-01
8.660666666666672064e-02
7.382666666666670707e-02
6.186000000000002608e-02
5.071333333333338800e-02
4.024000000000005350e-02
3.200666666666662774e-02
2.470000000000005524e-02
1.946000000000003283e-02
1.461333333333336704e-02
1.046666666666662415e-02
7.433333333333291826e-03
5.046666666666643764e-03
3.686666666666615910e-03
