4.670266666666667010e-01
4.640866666666666474e-01
4.600266666666666948e-01
4.562333333333333796e-01
4.518533333333333291e-01
4.464533333333333687e-01
4.427600000000000424e-01
4.382800000000000029e-01
4.328400000000000025e-01
4.273266666666666325e-01
4.205266666666667152e-01
4.128933333333333344e-01
4.075133333333332830e-01
4.022066666666667123e-01
3.914133333333332798e-01
3.842333333333333156e-01
3.726599999999999913e-01
3.599599999999999467e-01
3.508533333333333504e-01
3.404466666666666752e-01
3.288066666666666915e-01
3.160600000000000076e-01
3.015333333333333199e-01
2.884400000000000297e-01
2.727933333333333321e-01
2.565800000000000303e-01
2.412600000000000300e-01
2.223266666666666724e-01
2.052266666666666683e-01
1.888066666666666782e-01
1.717533333333333134e-01
1.518733333333333047e-01
1.357800000000000118e-01
1.188799999999999857e-01
1.042066666666666697e-01
8.597333333333334604e-02
7.258666666666668821e-02
5.945999999999995733e-02
4.702666666666666107e-02
3.779333333333334544e-02
2.863333333333328845e-02
2.232666666666671684e-02
1.519999999999999130e-02
1.079333333333332146e-02
7.473333333333331829e-03
4.940000000000055458e-03
2.713333333333345365e-03
1.793333333333313462e-03
9.933333333332905468e-04
6.266666666666642627e-04
