4.333333333333333481e-01
4.666666666666666741e-01
3.933333333333333126e-01
3.733333333333332948e-01
4.333333333333333481e-01
3.866666666666667140e-01
3.466666666666666785e-01
3.666666666666666963e-01
3.666666666666666963e-01
4.000000000000000222e-01
3.599999999999999867e-01
3.800000000000000044e-01
3.266666666666666607e-01
3.800000000000000044e-01
2.600000000000000089e-01
3.599999999999999867e-01
3.466666666666666785e-01
2.800000000000000266e-01
2.733333333333333171e-01
2.666666666666667185e-01
2.533333333333332993e-01
1.533333333333333215e-01
2.066666666666666652e-01
2.266666666666666829e-01
1.999999999999999556e-01
1.333333333333333037e-01
1.466666666666666119e-01
1.066666666666666874e-01
7.333333333333336146e-02
9.333333333333337922e-02
6.666666666666665186e-02
9.999999999999997780e-02
3.333333333333332593e-02
1.333333333333330817e-02
2.666666666666661634e-02
2.000000000000001776e-02
2.666666666666661634e-02
2.000000000000001776e-02
1.333333333333330817e-02
6.666666666666709595e-03
6.666666666666709595e-03
1.333333333333330817e-02
0.000000000000000000e+00
0.000000000000000000e+00
0.000000000000000000e+00
0.000000000000000000e+00
0.000000000000000000e+00
0.000000000000000000e+00
0.000000000000000000e+00
0.000000000000000000e+00
