4.733333333333333837e-01
4.733333333333333837e-01
4.599999999999999645e-01
4.866666666666666918e-01
5.133333333333333082e-01
4.733333333333333837e-01
4.399999999999999467e-01
5.200000000000000178e-01
4.866666666666666918e-01
3.933333333333333126e-01
4.466666666666666563e-01
4.399999999999999467e-01
4.466666666666666563e-01
4.533333333333333659e-01
4.266666666666666385e-01
4.599999999999999645e-01
4.733333333333333837e-01
5.066666666666665986e-01
4.399999999999999467e-01
4.466666666666666563e-01
4.533333333333333659e-01
4.333333333333333481e-01
3.733333333333332948e-01
4.266666666666666385e-01
3.933333333333333126e-01
3.866666666666667140e-01
3.800000000000000044e-01
3.800000000000000044e-01
4.000000000000000222e-01
3.666666666666666963e-01
3.933333333333333126e-01
3.599999999999999867e-01
3.800000000000000044e-01
3.266666666666666607e-01
2.800000000000000266e-01
2.666666666666667185e-01
3.333333333333333703e-01
2.466666666666667007e-01
3.066666666666666430e-01
2.399999999999999911e-01
1.933333333333333570e-01
1.800000000000000488e-01
2.399999999999999911e-01
1.800000000000000488e-01
1.933333333333333570e-01
9.999999999999997780e-02
1.466666666666666119e-01
9.999999999999997780e-02
7.333333333333336146e-02
9.333333333333337922e-02
