4.466666666666666563e-01
4.333333333333333481e-01
4.000000000000000222e-01
3.733333333333332948e-01
4.133333333333333304e-01
3.733333333333332948e-01
3.800000000000000044e-01
3.933333333333333126e-01
3.800000000000000044e-01
4.000000000000000222e-01
3.733333333333332948e-01
4.333333333333333481e-01
3.399999999999999689e-01
3.533333333333333881e-01
2.866666666666666252e-01
3.266666666666666607e-01
3.533333333333333881e-01
3.066666666666666430e-01
3.000000000000000444e-01
3.199999999999999512e-01
2.333333333333332815e-01
1.933333333333333570e-01
2.399999999999999911e-01
2.399999999999999911e-01
2.066666666666666652e-01
1.266666666666667052e-01
1.266666666666667052e-01
1.066666666666666874e-01
1.199999999999999956e-01
1.266666666666667052e-01
7.999999999999996003e-02
1.133333333333332860e-01
4.666666666666663410e-02
2.000000000000001776e-02
5.333333333333334370e-02
3.333333333333332593e-02
4.000000000000003553e-02
2.000000000000001776e-02
1.333333333333330817e-02
2.000000000000001776e-02
1.333333333333330817e-02
1.333333333333330817e-02
0.000000000000000000e+00
6.666666666666709595e-03
0.000000000000000000e+00
0.000000000000000000e+00
0.000000000000000000e+00
0.000000000000000000e+00
0.000000000000000000e+00
0.000000000000000000e+00
