2.415733333333333066e-01
2.308799999999999741e-01
2.239999999999999769e-01
2.121199999999999752e-01
2.018933333333333691e-01
1.904000000000000137e-01
1.811466666666666780e-01
1.733466666666666489e-01
1.611466666666666603e-01
1.498533333333332829e-01
1.398000000000000353e-01
1.334800000000000431e-01
1.224266666666666836e-01
1.114933333333333332e-01
1.013600000000000056e-01
9.231999999999995765e-02
8.245333333333337844e-02
7.232000000000005091e-02
6.557333333333337233e-02
5.873333333333330408e-02
4.994666666666669474e-02
4.391999999999995907e-02
3.750666666666668814e-02
3.149333333333337315e-02
2.622666666666662039e-02
2.169333333333334224e-02
1.692000000000004611e-02
1.405333333333336210e-02
1.083999999999996078e-02
8.693333333333330692e-03
6.186666666666673642e-03
5.093333333333283086e-03
3.759999999999985576e-03
2.093333333333280422e-03
1.879999999999992788e-03
1.079999999999969873e-03
1.013333333333310549e-03
4.933333333333456139e-04
2.533333333333276371e-04
1.466666666666283092e-04
1.066666666666993279e-04
4.000000000004000356e-05
0.000000000000000000e+00
0.000000000000000000e+00
0.000000000000000000e+00
1.333333333330966042e-05
0.000000000000000000e+00
0.000000000000000000e+00
0.000000000000000000e+00
0.000000000000000000e+00
