5.012799999999999478e-01
4.998533333333333717e-01
4.965866666666666207e-01
4.987599999999999811e-01
4.993733333333333357e-01
4.948399999999999466e-01
4.997466666666666724e-01
5.003999999999999559e-01
4.969066666666667187e-01
5.010666666666666602e-01
5.009200000000000319e-01
5.015733333333333155e-01
4.990133333333333088e-01
5.006933333333333236e-01
4.992133333333332867e-01
5.002933333333332566e-01
5.004266666666666863e-01
4.983866666666666445e-01
4.981999999999999762e-01
5.012266666666667092e-01
5.004933333333333456e-01
4.981733333333333569e-01
5.019599999999999618e-01
4.983333333333332948e-01
5.023599999999999177e-01
5.017599999999999838e-01
4.992400000000000171e-01
4.992933333333333668e-01
4.943333333333332913e-01
4.973333333333332940e-01
4.991466666666666274e-01
4.988933333333332998e-01
4.997200000000000530e-01
4.968399999999999483e-01
4.962800000000000544e-01
4.989466666666666494e-01
5.004266666666666863e-01
4.959466666666666468e-01
4.975866666666666216e-01
4.988799999999999901e-01
4.984266666666666845e-01
5.010133333333333105e-01
4.941866666666666630e-01
4.963600000000000234e-01
4.968399999999999483e-01
4.988799999999999901e-01
4.966399999999999704e-01
4.955466666666666908e-01
4.963999999999999524e-01
4.976800000000000113e-01
