4.870799999999999574e-01
4.844266666666666721e-01
4.831866666666666532e-01
4.800266666666667126e-01
4.801733333333333409e-01
4.741066666666666762e-01
4.760133333333332883e-01
4.737466666666666493e-01
4.726933333333332987e-01
4.710400000000000142e-01
4.705333333333333590e-01
4.624666666666666925e-01
4.602266666666666728e-01
4.592666666666667119e-01
4.522933333333333250e-01
4.514266666666666428e-01
4.434799999999999853e-01
4.404133333333333233e-01
4.362666666666666915e-01
4.267733333333333379e-01
4.212799999999999878e-01
4.141200000000000436e-01
4.116800000000000459e-01
4.035733333333333395e-01
3.930799999999999850e-01
3.849599999999999689e-01
3.777199999999999447e-01
3.667066666666666253e-01
3.560799999999999521e-01
3.476533333333333697e-01
3.350133333333333852e-01
3.221866666666666212e-01
3.120000000000000551e-01
2.959866666666666202e-01
2.808133333333333592e-01
2.673733333333333517e-01
2.551999999999999824e-01
2.349999999999999867e-01
2.206000000000000183e-01
2.033066666666666356e-01
1.867600000000000371e-01
1.705866666666666642e-01
1.535199999999999898e-01
1.343066666666666853e-01
1.203733333333333322e-01
1.062400000000000011e-01
9.140000000000003677e-02
7.713333333333338704e-02
6.557333333333337233e-02
5.378666666666664931e-02
