4.762266666666666870e-01
4.751733333333333364e-01
4.692533333333333001e-01
4.660133333333332795e-01
4.644933333333333136e-01
4.581199999999999717e-01
4.600266666666666948e-01
4.546133333333333137e-01
4.520533333333333070e-01
4.492666666666667030e-01
4.435066666666667157e-01
4.372399999999999620e-01
4.327333333333333032e-01
4.272399999999999531e-01
4.205733333333333546e-01
4.106533333333333147e-01
4.080533333333333790e-01
3.980666666666666798e-01
3.922133333333333027e-01
3.799599999999999644e-01
3.709599999999999564e-01
3.616800000000000015e-01
3.499466666666666281e-01
3.390266666666666984e-01
3.262399999999999745e-01
3.133733333333332816e-01
2.991599999999999815e-01
2.863733333333333686e-01
2.683333333333333126e-01
2.528533333333333744e-01
2.345733333333333004e-01
2.153866666666666152e-01
1.995466666666666500e-01
1.800266666666666682e-01
1.639866666666666140e-01
1.438133333333333486e-01
1.270933333333332804e-01
1.107466666666666599e-01
9.377333333333337517e-02
7.789333333333336995e-02
6.723999999999996646e-02
5.279999999999995808e-02
4.134666666666664270e-02
3.047999999999995158e-02
2.274666666666669279e-02
1.619999999999999218e-02
1.153333333333328437e-02
7.026666666666625538e-03
5.160000000000053433e-03
3.279999999999949623e-03
