4.666666666666666741e-01
4.599999999999999645e-01
4.933333333333332904e-01
4.666666666666666741e-01
4.733333333333333837e-01
4.533333333333333659e-01
4.599999999999999645e-01
4.733333333333333837e-01
4.466666666666666563e-01
4.399999999999999467e-01
4.266666666666666385e-01
4.333333333333333481e-01
4.000000000000000222e-01
4.200000000000000400e-01
4.733333333333333837e-01
4.666666666666666741e-01
3.866666666666667140e-01
4.399999999999999467e-01
3.933333333333333126e-01
3.666666666666666963e-01
3.599999999999999867e-01
4.066666666666666208e-01
4.000000000000000222e-01
3.599999999999999867e-01
3.466666666666666785e-01
3.866666666666667140e-01
3.266666666666666607e-01
3.266666666666666607e-01
3.466666666666666785e-01
3.399999999999999689e-01
3.866666666666667140e-01
2.666666666666667185e-01
2.399999999999999911e-01
2.466666666666667007e-01
2.399999999999999911e-01
2.199999999999999734e-01
2.600000000000000089e-01
1.666666666666666297e-01
1.400000000000000133e-01
1.400000000000000133e-01
1.466666666666666119e-01
1.199999999999999956e-01
1.133333333333332860e-01
4.666666666666663410e-02
7.333333333333336146e-02
5.333333333333334370e-02
3.333333333333332593e-02
3.333333333333332593e-02
0.000000000000000000e+00
6.666666666666709595e-03
