4.599999999999999645e-01
4.399999999999999467e-01
4.866666666666666918e-01
4.866666666666666918e-01
4.733333333333333837e-01
4.266666666666666385e-01
4.599999999999999645e-01
4.133333333333333304e-01
4.799999999999999822e-01
4.533333333333333659e-01
3.733333333333332948e-01
4.466666666666666563e-01
4.066666666666666208e-01
4.533333333333333659e-01
4.333333333333333481e-01
4.200000000000000400e-01
3.800000000000000044e-01
3.399999999999999689e-01
3.666666666666666963e-01
3.466666666666666785e-01
3.466666666666666785e-01
3.333333333333333703e-01
3.000000000000000444e-01
2.866666666666666252e-01
2.933333333333333348e-01
2.533333333333332993e-01
1.999999999999999556e-01
2.533333333333332993e-01
1.866666666666666474e-01
2.133333333333333748e-01
2.333333333333332815e-01
1.533333333333333215e-01
1.533333333333333215e-01
1.266666666666667052e-01
9.999999999999997780e-02
9.333333333333337922e-02
1.199999999999999956e-01
6.666666666666665186e-02
2.666666666666661634e-02
5.333333333333334370e-02
4.000000000000003553e-02
2.666666666666661634e-02
3.333333333333332593e-02
1.333333333333330817e-02
0.000000000000000000e+00
0.000000000000000000e+00
1.333333333333330817e-02
6.666666666666709595e-03
0.000000000000000000e+00
0.000000000000000000e+00
