5.000000000000000000e-01
4.599999999999999645e-01
4.733333333333333837e-01
4.799999999999999822e-01
5.333333333333333259e-01
4.533333333333333659e-01
4.266666666666666385e-01
4.799999999999999822e-01
5.266666666666666163e-01
4.733333333333333837e-01
4.399999999999999467e-01
4.599999999999999645e-01
5.200000000000000178e-01
4.799999999999999822e-01
3.866666666666667140e-01
5.066666666666665986e-01
4.000000000000000222e-01
4.466666666666666563e-01
4.200000000000000400e-01
4.466666666666666563e-01
4.000000000000000222e-01
4.666666666666666741e-01
4.266666666666666385e-01
4.466666666666666563e-01
4.466666666666666563e-01
3.733333333333332948e-01
4.000000000000000222e-01
3.599999999999999867e-01
3.466666666666666785e-01
3.466666666666666785e-01
3.933333333333333126e-01
3.266666666666666607e-01
3.199999999999999512e-01
2.800000000000000266e-01
2.399999999999999911e-01
2.733333333333333171e-01
2.600000000000000089e-01
1.999999999999999556e-01
1.733333333333333393e-01
2.533333333333332993e-01
1.999999999999999556e-01
1.733333333333333393e-01
1.999999999999999556e-01
1.266666666666667052e-01
1.333333333333333037e-01
9.333333333333337922e-02
6.666666666666665186e-02
6.666666666666665186e-02
7.333333333333336146e-02
7.333333333333336146e-02
