5.000000000000000000e-01
4.733333333333333837e-01
4.200000000000000400e-01
4.733333333333333837e-01
4.599999999999999645e-01
5.000000000000000000e-01
4.866666666666666918e-01
4.466666666666666563e-01
4.333333333333333481e-01
5.000000000000000000e-01
5.066666666666665986e-01
5.333333333333333259e-01
4.733333333333333837e-01
3.733333333333332948e-01
4.466666666666666563e-01
4.466666666666666563e-01
4.200000000000000400e-01
3.933333333333333126e-01
3.599999999999999867e-01
4.666666666666666741e-01
3.599999999999999867e-01
4.066666666666666208e-01
3.466666666666666785e-01
3.266666666666666607e-01
3.866666666666667140e-01
3.933333333333333126e-01
3.199999999999999512e-01
4.000000000000000222e-01
3.533333333333333881e-01
3.199999999999999512e-01
3.466666666666666785e-01
3.466666666666666785e-01
3.066666666666666430e-01
3.066666666666666430e-01
2.466666666666667007e-01
2.399999999999999911e-01
2.733333333333333171e-01
2.466666666666667007e-01
1.866666666666666474e-01
1.933333333333333570e-01
1.733333333333333393e-01
1.866666666666666474e-01
1.733333333333333393e-01
1.466666666666666119e-01
1.066666666666666874e-01
6.666666666666665186e-02
1.066666666666666874e-01
9.333333333333337922e-02
6.000000000000005329e-02
5.333333333333334370e-02
