4.799999999999999822e-01
4.133333333333333304e-01
4.399999999999999467e-01
5.466666666666666341e-01
4.799999999999999822e-01
4.266666666666666385e-01
4.666666666666666741e-01
4.733333333333333837e-01
4.799999999999999822e-01
4.866666666666666918e-01
4.733333333333333837e-01
5.400000000000000355e-01
4.599999999999999645e-01
4.466666666666666563e-01
4.066666666666666208e-01
4.333333333333333481e-01
3.199999999999999512e-01
3.333333333333333703e-01
3.666666666666666963e-01
4.200000000000000400e-01
3.599999999999999867e-01
3.399999999999999689e-01
3.800000000000000044e-01
3.333333333333333703e-01
3.399999999999999689e-01
3.666666666666666963e-01
2.199999999999999734e-01
3.000000000000000444e-01
2.266666666666666829e-01
2.266666666666666829e-01
1.866666666666666474e-01
2.466666666666667007e-01
1.866666666666666474e-01
1.733333333333333393e-01
1.400000000000000133e-01
1.466666666666666119e-01
1.199999999999999956e-01
1.066666666666666874e-01
7.999999999999996003e-02
7.999999999999996003e-02
3.333333333333332593e-02
5.333333333333334370e-02
2.000000000000001776e-02
5.333333333333334370e-02
2.666666666666661634e-02
6.666666666666709595e-03
1.333333333333330817e-02
0.000000000000000000e+00
2.000000000000001776e-02
0.000000000000000000e+00
