1.866666666666666474e-01
2.466666666666667007e-01
2.466666666666667007e-01
2.466666666666667007e-01
2.399999999999999911e-01
1.400000000000000133e-01
2.333333333333332815e-01
2.133333333333333748e-01
1.466666666666666119e-01
1.933333333333333570e-01
1.266666666666667052e-01
1.400000000000000133e-01
9.999999999999997780e-02
1.400000000000000133e-01
1.333333333333333037e-01
1.466666666666666119e-01
1.133333333333332860e-01
3.333333333333332593e-02
7.333333333333336146e-02
7.333333333333336146e-02
7.333333333333336146e-02
4.666666666666663410e-02
2.000000000000001776e-02
4.000000000000003553e-02
3.333333333333332593e-02
1.333333333333330817e-02
1.333333333333330817e-02
1.333333333333330817e-02
6.666666666666709595e-03
6.666666666666709595e-03
0.000000000000000000e+00
0.000000000000000000e+00
0.000000000000000000e+00
6.666666666666709595e-03
0.000000000000000000e+00
0.000000000000000000e+00
0.000000000000000000e+00
0.000000000000000000e+00
0.000000000000000000e+00
0.000000000000000000e+00
0.000000000000000000e+00
0.000000000000000000e+00
0.000000000000000000e+00
0.000000000000000000e+00
0.000000000000000000e+00
0.000000000000000000e+00
0.000000000000000000e+00
0.000000000000000000e+00
0.000000000000000000e+00
0.000000000000000000e+00
