5.066666666666665986e-01
4.866666666666666918e-01
5.066666666666665986e-01
5.000000000000000000e-01
5.333333333333333259e-01
4.799999999999999822e-01
5.200000000000000178e-01
4.933333333333332904e-01
4.733333333333333837e-01
4.866666666666666918e-01
4.733333333333333837e-01
3.866666666666667140e-01
4.333333333333333481e-01
4.066666666666666208e-01
4.066666666666666208e-01
4.533333333333333659e-01
5.200000000000000178e-01
3.333333333333333703e-01
4.866666666666666918e-01
4.066666666666666208e-01
3.933333333333333126e-01
4.066666666666666208e-01
4.333333333333333481e-01
3.199999999999999512e-01
2.733333333333333171e-01
3.933333333333333126e-01
4.066666666666666208e-01
4.133333333333333304e-01
3.866666666666667140e-01
3.266666666666666607e-01
3.533333333333333881e-01
2.399999999999999911e-01
3.000000000000000444e-01
2.866666666666666252e-01
2.866666666666666252e-01
3.666666666666666963e-01
1.800000000000000488e-01
2.600000000000000089e-01
1.400000000000000133e-01
2.266666666666666829e-01
1.800000000000000488e-01
1.600000000000000311e-01
1.466666666666666119e-01
1.133333333333332860e-01
9.999999999999997780e-02
7.999999999999996003e-02
7.333333333333336146e-02
5.333333333333334370e-02
2.666666666666661634e-02
4.000000000000003553e-02
