5.000000000000000000e-01
4.666666666666666741e-01
4.799999999999999822e-01
4.733333333333333837e-01
4.866666666666666918e-01
5.466666666666666341e-01
4.799999999999999822e-01
5.666666666666666519e-01
4.399999999999999467e-01
5.066666666666665986e-01
4.866666666666666918e-01
4.266666666666666385e-01
5.133333333333333082e-01
5.400000000000000355e-01
4.866666666666666918e-01
4.333333333333333481e-01
5.000000000000000000e-01
4.466666666666666563e-01
5.666666666666666519e-01
4.933333333333332904e-01
4.866666666666666918e-01
5.133333333333333082e-01
5.200000000000000178e-01
4.799999999999999822e-01
5.066666666666665986e-01
5.666666666666666519e-01
4.333333333333333481e-01
4.933333333333332904e-01
5.800000000000000711e-01
4.133333333333333304e-01
4.799999999999999822e-01
4.133333333333333304e-01
4.133333333333333304e-01
5.000000000000000000e-01
4.866666666666666918e-01
4.599999999999999645e-01
5.533333333333333437e-01
5.466666666666666341e-01
5.000000000000000000e-01
4.799999999999999822e-01
5.266666666666666163e-01
5.200000000000000178e-01
4.466666666666666563e-01
4.933333333333332904e-01
5.333333333333333259e-01
4.200000000000000400e-01
5.133333333333333082e-01
5.400000000000000355e-01
4.799999999999999822e-01
4.666666666666666741e-01
