2.266666666666666829e-01
2.133333333333333748e-01
2.199999999999999734e-01
2.266666666666666829e-01
1.800000000000000488e-01
2.600000000000000089e-01
1.466666666666666119e-01
1.400000000000000133e-01
1.600000000000000311e-01
1.800000000000000488e-01
1.333333333333333037e-01
9.999999999999997780e-02
1.533333333333333215e-01
9.999999999999997780e-02
4.000000000000003553e-02
8.666666666666666963e-02
9.999999999999997780e-02
1.066666666666666874e-01
1.199999999999999956e-01
5.333333333333334370e-02
5.333333333333334370e-02
4.666666666666663410e-02
4.666666666666663410e-02
2.000000000000001776e-02
2.666666666666661634e-02
3.333333333333332593e-02
2.000000000000001776e-02
6.666666666666709595e-03
1.333333333333330817e-02
0.000000000000000000e+00
6.666666666666709595e-03
1.333333333333330817e-02
6.666666666666709595e-03
0.000000000000000000e+00
6.666666666666709595e-03
0.000000000000000000e+00
0.000000000000000000e+00
0.000000000000000000e+00
0.000000000000000000e+00
0.000000000000000000e+00
0.000000000000000000e+00
0.000000000000000000e+00
0.000000000000000000e+00
0.000000000000000000e+00
0.000000000000000000e+00
0.000000000000000000e+00
0.000000000000000000e+00
0.000000000000000000e+00
0.000000000000000000e+00
0.000000000000000000e+00
