4.330666666666667108e-01
4.304133333333333145e-01
4.225733333333333563e-01
4.192533333333333667e-01
4.129866666666666131e-01
3.989200000000000523e-01
3.956666666666667220e-01
3.881866666666666799e-01
3.777733333333332943e-01
3.686399999999999677e-01
3.593199999999999728e-01
3.502399999999999958e-01
3.373866666666666125e-01
3.289066666666666805e-01
3.137466666666666182e-01
2.969199999999999617e-01
2.867600000000000149e-01
2.690933333333332955e-01
2.556399999999999784e-01
2.385199999999999543e-01
2.261333333333332973e-01
2.085466666666666580e-01
1.922933333333333161e-01
1.750933333333333231e-01
1.595999999999999641e-01
1.449066666666666281e-01
1.271999999999999797e-01
1.125466666666666837e-01
9.633333333333338189e-02
8.050666666666661531e-02
7.006666666666672150e-02
5.910666666666664071e-02
4.727999999999998870e-02
3.774666666666670611e-02
2.998666666666671698e-02
2.266666666666661278e-02
1.792000000000004700e-02
1.249333333333335627e-02
8.626666666666671368e-03
6.466666666666620600e-03
4.026666666666622874e-03
2.853333333333374355e-03
2.040000000000041780e-03
7.733333333332925719e-04
5.333333333333856174e-04
4.133333333333766291e-04
1.999999999999779732e-04
5.333333333334966397e-05
2.666666666661932084e-05
2.666666666661932084e-05
