4.917066666666666253e-01
4.945599999999999996e-01
4.927866666666667061e-01
4.904266666666666774e-01
4.908933333333332927e-01
4.863733333333333242e-01
4.878533333333333610e-01
4.873333333333332851e-01
4.878400000000000514e-01
4.824266666666666703e-01
4.835733333333332995e-01
4.831600000000000339e-01
4.812400000000000011e-01
4.781999999999999584e-01
4.779200000000000115e-01
4.731466666666667154e-01
4.759333333333333194e-01
4.708133333333333059e-01
4.714133333333333509e-01
4.666000000000000147e-01
4.653333333333333766e-01
4.611333333333332840e-01
4.604399999999999604e-01
4.567866666666666742e-01
4.531199999999999672e-01
4.514933333333333021e-01
4.416933333333333822e-01
4.378133333333333876e-01
4.330266666666666708e-01
4.265600000000000502e-01
4.231066666666666309e-01
4.185733333333333528e-01
4.119866666666666122e-01
4.039599999999999858e-01
3.969466666666666699e-01
3.878933333333333122e-01
3.802799999999999514e-01
3.701999999999999735e-01
3.599466666666666370e-01
3.531333333333332991e-01
3.377066666666667105e-01
3.322933333333333294e-01
3.187866666666666626e-01
3.037733333333333396e-01
2.979733333333333123e-01
2.866133333333333866e-01
2.678266666666666573e-01
2.581333333333333258e-01
2.438133333333333264e-01
2.314266666666666694e-01
