4.379199999999999759e-01
4.360933333333333328e-01
4.290800000000000169e-01
4.250000000000000444e-01
4.188266666666666804e-01
4.093333333333333268e-01
4.036133333333333795e-01
3.968933333333333202e-01
3.861466666666666381e-01
3.795866666666666278e-01
3.708533333333333681e-01
3.598133333333333184e-01
3.522800000000000376e-01
3.422533333333332983e-01
3.285066666666666135e-01
3.105066666666667086e-01
3.001200000000000534e-01
2.842533333333333578e-01
2.729333333333333611e-01
2.556666666666667087e-01
2.437599999999999767e-01
2.242666666666666142e-01
2.100533333333333141e-01
1.921733333333333071e-01
1.764133333333333109e-01
1.613866666666666783e-01
1.438800000000000079e-01
1.270400000000000418e-01
1.109466666666666379e-01
9.499999999999997335e-02
8.329333333333333034e-02
7.085333333333332373e-02
5.738666666666669691e-02
4.639999999999999680e-02
3.734666666666663914e-02
2.874666666666669812e-02
2.325333333333334807e-02
1.712000000000002409e-02
1.173333333333337336e-02
9.000000000000007994e-03
5.973333333333386008e-03
4.106666666666702881e-03
2.879999999999993676e-03
1.226666666666709204e-03
8.933333333333015602e-04
5.466666666666952779e-04
2.933333333333676407e-04
7.999999999996898481e-05
5.333333333334966397e-05
4.000000000004000356e-05
