2.398000000000000131e-01
2.303600000000000092e-01
2.232533333333333037e-01
2.130533333333333168e-01
2.021866666666666257e-01
1.909999999999999476e-01
1.835066666666667068e-01
1.713466666666666471e-01
1.621866666666667012e-01
1.514799999999999480e-01
1.424666666666666304e-01
1.317866666666667186e-01
1.194800000000000306e-01
1.127599999999999714e-01
1.006666666666666821e-01
8.978666666666668128e-02
8.469333333333328717e-02
7.421333333333335336e-02
6.608000000000002760e-02
5.714666666666667894e-02
5.174666666666671855e-02
4.346666666666665346e-02
3.730666666666671016e-02
3.115999999999996550e-02
2.607999999999999208e-02
2.266666666666661278e-02
1.712000000000002409e-02
1.397333333333328209e-02
1.066666666666671315e-02
8.413333333333383734e-03
6.399999999999961275e-03
4.759999999999986464e-03
3.480000000000038618e-03
2.293333333333369417e-03
1.413333333333377517e-03
1.146666666666629197e-03
6.800000000000139266e-04
5.733333333333145987e-04
2.400000000000179767e-04
1.200000000000089884e-04
6.666666666665932439e-05
9.333333333327864523e-05
5.333333333334966397e-05
2.666666666661932084e-05
1.333333333330966042e-05
0.000000000000000000e+00
0.000000000000000000e+00
0.000000000000000000e+00
0.000000000000000000e+00
0.000000000000000000e+00
