4.739999999999999769e-01
4.714533333333332799e-01
4.665066666666666251e-01
4.649600000000000399e-01
4.640133333333333887e-01
4.566666666666666652e-01
4.546266666666666234e-01
4.479866666666666442e-01
4.468533333333333246e-01
4.388400000000000079e-01
4.394666666666666721e-01
4.328133333333333832e-01
4.238800000000000345e-01
4.180266666666666575e-01
4.143466666666666409e-01
4.055600000000000316e-01
3.948533333333332784e-01
3.875066666666666659e-01
3.805600000000000094e-01
3.726666666666667016e-01
3.580266666666667152e-01
3.469466666666666255e-01
3.393866666666666143e-01
3.208533333333333237e-01
3.102133333333333409e-01
2.974400000000000377e-01
2.836666666666666226e-01
2.687066666666666492e-01
2.506800000000000139e-01
2.356666666666666909e-01
2.187999999999999945e-01
2.000800000000000356e-01
1.842133333333333400e-01
1.672933333333332939e-01
1.527866666666666262e-01
1.332933333333333747e-01
1.175066666666666482e-01
1.002533333333333054e-01
8.793333333333330781e-02
7.333333333333336146e-02
6.064000000000002721e-02
5.050666666666669968e-02
4.113333333333335506e-02
3.189333333333332909e-02
2.401333333333333098e-02
1.915999999999995485e-02
1.390666666666662277e-02
9.506666666666663268e-03
6.879999999999997229e-03
4.386666666666649839e-03
