4.982133333333332859e-01
5.006399999999999739e-01
5.033199999999999896e-01
4.988133333333333308e-01
4.986666666666667025e-01
4.981200000000000072e-01
4.986933333333333218e-01
4.978133333333333299e-01
4.976533333333332809e-01
5.005466666666666953e-01
5.001466666666667393e-01
5.018533333333332624e-01
5.007200000000000539e-01
5.017199999999999438e-01
5.019599999999999618e-01
4.997599999999999820e-01
4.973733333333333340e-01
4.987200000000000522e-01
5.015600000000000058e-01
4.962400000000000144e-01
5.009066666666666112e-01
5.016133333333333555e-01
4.990533333333333488e-01
4.988533333333333708e-01
5.000800000000000800e-01
4.991333333333333178e-01
4.958799999999999875e-01
4.989999999999999991e-01
4.968399999999999483e-01
5.002533333333333276e-01
4.996666666666667034e-01
5.015733333333333155e-01
4.968399999999999483e-01
4.966266666666666607e-01
4.974533333333333029e-01
4.957066666666666288e-01
5.003333333333332966e-01
5.026666666666665950e-01
5.006800000000000139e-01
4.987066666666666315e-01
4.958266666666666378e-01
4.978666666666666796e-01
4.943199999999999816e-01
4.964399999999999924e-01
5.004800000000000360e-01
4.958266666666666378e-01
4.950400000000000356e-01
4.979466666666666486e-01
4.941600000000000437e-01
4.939200000000000257e-01
