2.360266666666667179e-01
2.334266666666666712e-01
2.223733333333333118e-01
2.121199999999999752e-01
2.014266666666666428e-01
1.919066666666666698e-01
1.811599999999999877e-01
1.695200000000000040e-01
1.613333333333333286e-01
1.515600000000000280e-01
1.412533333333333418e-01
1.300266666666666238e-01
1.191999999999999726e-01
1.111999999999999655e-01
1.033466666666666978e-01
9.097333333333335048e-02
8.190666666666668316e-02
7.374666666666662707e-02
6.610666666666664693e-02
5.749333333333328522e-02
5.086666666666661563e-02
4.253333333333331190e-02
3.691999999999995286e-02
3.117333333333338619e-02
2.597333333333329275e-02
2.254666666666671482e-02
1.738666666666666138e-02
1.422666666666672075e-02
1.089333333333331044e-02
8.519999999999972040e-03
6.199999999999983302e-03
4.973333333333385120e-03
3.386666666666648950e-03
2.293333333333369417e-03
1.653333333333284472e-03
8.399999999999518963e-04
7.599999999999829114e-04
4.800000000000359535e-04
2.533333333333276371e-04
1.066666666666993279e-04
5.333333333334966397e-05
7.999999999996898481e-05
2.666666666661932084e-05
0.000000000000000000e+00
0.000000000000000000e+00
1.333333333330966042e-05
0.000000000000000000e+00
0.000000000000000000e+00
0.000000000000000000e+00
0.000000000000000000e+00
