1.000000000000000000e+00
1.088581165149745011e+00
1.185008953118776631e+00
1.289978426898917396e+00
1.404246218971658910e+00
1.528635985205292425e+00
1.664044341864605814e+00
1.811447328527813205e+00
1.971907443496200063e+00
2.146581302408548719e+00
2.336727975264555113e+00
2.543718061951494303e+00
2.769043571691608641e+00
3.014328677622463371e+00
3.281341424030551401e+00
3.572006470625301855e+00
3.888418965715719544e+00
4.232859648289185373e+00
4.607811287849980175e+00
5.015976580517879313e+00
5.460297630383988299e+00
5.943977156547792795e+00
6.470501578698265810e+00
7.043666147642623443e+00
7.667602301926621955e+00
8.346807447736150465e+00
9.086177376737190059e+00
9.891041555525825757e+00
1.076720154105884752e+01
1.172097279896797239e+01
1.275923022618902536e+01
1.388945770603869256e+01
1.511980205293770574e+01
1.645913173562043141e+01
1.791710080211484524e+01
1.950421846727160613e+01
2.123192486443769411e+01
2.311267350730143733e+01
2.516002105630384023e+01
2.738872503666334879e+01
2.981485021237699584e+01
3.245588438295446565e+01
3.533086443756198491e+01
3.846051357518893354e+01
4.186739067993674723e+01
4.557605292814510989e+01
4.961323279944667775e+01
5.400803076766720068e+01
5.879212506051042908e+01
6.400000000000000000e+01
