4.371466666666666834e-01
4.293333333333333446e-01
4.264933333333332799e-01
4.156666666666666288e-01
4.101200000000000401e-01
4.065999999999999615e-01
3.943866666666666632e-01
3.867066666666666430e-01
3.766266666666666652e-01
3.677200000000000468e-01
3.633199999999999763e-01
3.480400000000000160e-01
3.369866666666666566e-01
3.251333333333333853e-01
3.114133333333333198e-01
2.992533333333333712e-01
2.857199999999999740e-01
2.701999999999999957e-01
2.546533333333332871e-01
2.403066666666666684e-01
2.256666666666666821e-01
2.077333333333333254e-01
1.944666666666666766e-01
1.751200000000000534e-01
1.582933333333332859e-01
1.412799999999999612e-01
1.272400000000000198e-01
1.105199999999999516e-01
9.710666666666667446e-02
8.352000000000003865e-02
7.023999999999996913e-02
5.605333333333328838e-02
4.834666666666664891e-02
3.795999999999999375e-02
2.954666666666672104e-02
2.366666666666661367e-02
1.746666666666663037e-02
1.245333333333331627e-02
9.159999999999945963e-03
6.040000000000045333e-03
4.506666666666658827e-03
2.666666666666706043e-03
1.813333333333333464e-03
1.040000000000040892e-03
6.000000000000449418e-04
3.999999999999559464e-04
2.400000000000179767e-04
7.999999999996898481e-05
4.000000000004000356e-05
1.333333333330966042e-05
