4.422266666666666568e-01
4.350133333333333630e-01
4.344133333333333180e-01
4.245999999999999774e-01
4.176933333333333609e-01
4.145199999999999996e-01
4.040399999999999547e-01
3.961999999999999966e-01
3.870133333333333203e-01
3.783466666666667200e-01
3.736133333333333528e-01
3.596399999999999597e-01
3.474399999999999711e-01
3.369866666666666566e-01
3.266133333333333111e-01
3.143866666666667031e-01
2.989466666666666939e-01
2.857733333333333237e-01
2.715066666666666739e-01
2.568133333333333379e-01
2.438533333333333664e-01
2.252800000000000358e-01
2.128133333333332988e-01
1.931333333333333790e-01
1.733200000000000296e-01
1.586933333333333529e-01
1.449599999999999778e-01
1.280133333333333123e-01
1.111999999999999655e-01
9.673333333333333783e-02
8.146666666666668721e-02
6.802666666666667972e-02
5.842666666666662678e-02
4.649333333333338647e-02
3.764000000000000679e-02
2.961333333333338036e-02
2.269333333333334313e-02
1.617333333333337286e-02
1.157333333333332437e-02
8.666666666666711372e-03
5.973333333333386008e-03
3.613333333333357267e-03
2.439999999999997726e-03
1.546666666666696166e-03
7.866666666667132546e-04
6.666666666667042662e-04
2.666666666666372976e-04
1.066666666666993279e-04
4.000000000004000356e-05
0.000000000000000000e+00
