4.894266666666666765e-01
4.861199999999999966e-01
4.858000000000000096e-01
4.820799999999999530e-01
4.820133333333332937e-01
4.807466666666666555e-01
4.773600000000000065e-01
4.771199999999999886e-01
4.711333333333332929e-01
4.699733333333333540e-01
4.748933333333332785e-01
4.635200000000000431e-01
4.631333333333332858e-01
4.598266666666667168e-01
4.551333333333332787e-01
4.520399999999999974e-01
4.481600000000000028e-01
4.449066666666666725e-01
4.406533333333333413e-01
4.330533333333332902e-01
4.317866666666666520e-01
4.237333333333332952e-01
4.183733333333333748e-01
4.098800000000000221e-01
4.021466666666666523e-01
3.942533333333333445e-01
3.878133333333333432e-01
3.761600000000000499e-01
3.713066666666666737e-01
3.608000000000000096e-01
3.486666666666666803e-01
3.380266666666666975e-01
3.265733333333333821e-01
3.180399999999999894e-01
3.001333333333333631e-01
2.881733333333332814e-01
2.713200000000000056e-01
2.614133333333333864e-01
2.427599999999999758e-01
2.284000000000000474e-01
2.160666666666666291e-01
1.993200000000000527e-01
1.829600000000000115e-01
1.674799999999999622e-01
1.514400000000000190e-01
1.357599999999999918e-01
1.206533333333332791e-01
1.086933333333333085e-01
9.469333333333329605e-02
8.102666666666669126e-02
