2.408799999999999830e-01
2.319733333333333647e-01
2.206000000000000183e-01
2.141199999999999770e-01
2.022800000000000153e-01
1.929066666666666707e-01
1.807733333333333414e-01
1.718133333333333734e-01
1.603733333333333677e-01
1.493999999999999773e-01
1.424800000000000511e-01
1.309466666666666557e-01
1.188533333333333664e-01
1.110933333333333772e-01
1.009200000000000097e-01
9.218666666666663900e-02
8.275999999999994472e-02
7.241333333333332956e-02
6.479999999999996874e-02
5.747999999999997556e-02
5.106666666666670462e-02
4.441333333333330469e-02
3.754666666666661712e-02
3.095999999999998753e-02
2.632000000000001005e-02
2.138666666666666494e-02
1.717333333333337375e-02
1.421333333333330007e-02
1.114666666666663808e-02
8.000000000000007105e-03
6.786666666666718584e-03
4.680000000000017479e-03
3.426666666666688954e-03
2.333333333333298398e-03
1.706666666666634136e-03
1.240000000000018865e-03
7.466666666666732510e-04
5.199999999999649347e-04
2.799999999999469580e-04
1.333333333333186488e-04
1.066666666666993279e-04
7.999999999996898481e-05
0.000000000000000000e+00
1.333333333330966042e-05
0.000000000000000000e+00
0.000000000000000000e+00
0.000000000000000000e+00
0.000000000000000000e+00
0.000000000000000000e+00
0.000000000000000000e+00
