4.599999999999999645e-01
4.533333333333333659e-01
3.933333333333333126e-01
4.533333333333333659e-01
5.133333333333333082e-01
4.266666666666666385e-01
3.466666666666666785e-01
4.466666666666666563e-01
4.466666666666666563e-01
4.200000000000000400e-01
3.533333333333333881e-01
3.866666666666667140e-01
4.200000000000000400e-01
3.733333333333332948e-01
3.666666666666666963e-01
3.266666666666666607e-01
3.733333333333332948e-01
4.200000000000000400e-01
3.866666666666667140e-01
3.399999999999999689e-01
3.266666666666666607e-01
3.666666666666666963e-01
2.733333333333333171e-01
3.000000000000000444e-01
3.000000000000000444e-01
2.933333333333333348e-01
2.066666666666666652e-01
2.399999999999999911e-01
2.133333333333333748e-01
2.466666666666667007e-01
1.533333333333333215e-01
1.600000000000000311e-01
1.600000000000000311e-01
1.199999999999999956e-01
9.999999999999997780e-02
7.999999999999996003e-02
7.333333333333336146e-02
5.333333333333334370e-02
5.333333333333334370e-02
3.333333333333332593e-02
2.666666666666661634e-02
2.000000000000001776e-02
6.666666666666709595e-03
6.666666666666709595e-03
6.666666666666709595e-03
6.666666666666709595e-03
0.000000000000000000e+00
6.666666666666709595e-03
6.666666666666709595e-03
0.000000000000000000e+00
