5.333333333333333259e-01
5.133333333333333082e-01
4.533333333333333659e-01
4.399999999999999467e-01
5.066666666666665986e-01
4.200000000000000400e-01
4.066666666666666208e-01
5.666666666666666519e-01
5.000000000000000000e-01
4.333333333333333481e-01
4.200000000000000400e-01
4.533333333333333659e-01
4.399999999999999467e-01
3.800000000000000044e-01
4.533333333333333659e-01
4.399999999999999467e-01
4.733333333333333837e-01
4.533333333333333659e-01
4.133333333333333304e-01
4.133333333333333304e-01
3.599999999999999867e-01
4.533333333333333659e-01
3.733333333333332948e-01
3.866666666666667140e-01
3.866666666666667140e-01
3.666666666666666963e-01
2.933333333333333348e-01
3.399999999999999689e-01
3.333333333333333703e-01
3.266666666666666607e-01
2.800000000000000266e-01
2.733333333333333171e-01
2.733333333333333171e-01
2.399999999999999911e-01
2.333333333333332815e-01
2.199999999999999734e-01
1.466666666666666119e-01
1.466666666666666119e-01
1.600000000000000311e-01
1.066666666666666874e-01
1.333333333333333037e-01
9.999999999999997780e-02
7.999999999999996003e-02
7.999999999999996003e-02
6.000000000000005329e-02
6.000000000000005329e-02
3.333333333333332593e-02
4.000000000000003553e-02
2.666666666666661634e-02
1.333333333333330817e-02
