4.466666666666666563e-01
4.666666666666666741e-01
4.066666666666666208e-01
4.466666666666666563e-01
5.000000000000000000e-01
4.666666666666666741e-01
4.066666666666666208e-01
3.933333333333333126e-01
4.466666666666666563e-01
4.066666666666666208e-01
3.800000000000000044e-01
3.866666666666667140e-01
3.466666666666666785e-01
3.733333333333332948e-01
3.866666666666667140e-01
3.800000000000000044e-01
3.733333333333332948e-01
4.733333333333333837e-01
3.866666666666667140e-01
3.599999999999999867e-01
3.933333333333333126e-01
3.466666666666666785e-01
2.800000000000000266e-01
2.866666666666666252e-01
2.800000000000000266e-01
2.600000000000000089e-01
2.399999999999999911e-01
2.333333333333332815e-01
2.399999999999999911e-01
3.066666666666666430e-01
1.466666666666666119e-01
1.866666666666666474e-01
1.733333333333333393e-01
1.800000000000000488e-01
1.266666666666667052e-01
1.533333333333333215e-01
9.333333333333337922e-02
6.000000000000005329e-02
7.999999999999996003e-02
6.666666666666665186e-02
2.000000000000001776e-02
4.000000000000003553e-02
3.333333333333332593e-02
3.333333333333332593e-02
1.333333333333330817e-02
6.666666666666709595e-03
6.666666666666709595e-03
0.000000000000000000e+00
0.000000000000000000e+00
1.333333333333330817e-02
