2.666666666666667185e-01
2.133333333333333748e-01
2.466666666666667007e-01
2.066666666666666652e-01
2.399999999999999911e-01
1.466666666666666119e-01
1.466666666666666119e-01
1.666666666666666297e-01
1.933333333333333570e-01
9.333333333333337922e-02
1.333333333333333037e-01
1.400000000000000133e-01
1.199999999999999956e-01
1.133333333333332860e-01
1.333333333333333037e-01
5.333333333333334370e-02
9.333333333333337922e-02
6.000000000000005329e-02
7.999999999999996003e-02
8.666666666666666963e-02
3.333333333333332593e-02
4.000000000000003553e-02
1.333333333333330817e-02
5.333333333333334370e-02
2.000000000000001776e-02
6.666666666666709595e-03
6.666666666666709595e-03
1.333333333333330817e-02
0.000000000000000000e+00
2.000000000000001776e-02
1.333333333333330817e-02
0.000000000000000000e+00
0.000000000000000000e+00
6.666666666666709595e-03
0.000000000000000000e+00
0.000000000000000000e+00
0.000000000000000000e+00
0.000000000000000000e+00
0.000000000000000000e+00
0.000000000000000000e+00
0.000000000000000000e+00
0.000000000000000000e+00
0.000000000000000000e+00
0.000000000000000000e+00
0.000000000000000000e+00
0.000000000000000000e+00
0.000000000000000000e+00
0.000000000000000000e+00
0.000000000000000000e+00
0.000000000000000000e+00
